0	0
0.0001	0.00370739
0.0002	0.00420951
0.0003	0.00461154
0.0004	0.00482079
0.0005	0.00497241
0.0006	0.00508077
0.0007	0.0051644
0.0008	0.00523048
0.0009	0.00528424
0.001	0.00532877
0.0011	0.00536625
0.0012	0.00539817
0.0013	0.00542564
0.0014	0.00544947
0.0015	0.00547028
0.0016	0.00548854
0.0017	0.00550465
0.0018	0.00551891
0.0019	0.00553157
0.002	0.00554282
0.0021	0.00555285
0.0022	0.00556178
0.0023	0.00556976
0.0024	0.00557686
0.0025	0.00558319
0.0026	0.00558882
0.0027	0.00559382
0.0028	0.00559823
0.0029	0.00560212
0.003	0.00560553
0.0031	0.0056085
0.0032	0.00561106
0.0033	0.00561325
0.0034	0.00561508
0.0035	0.0056166
0.0036	0.00561782
0.0037	0.00561875
0.0038	0.00561943
0.0039	0.00561987
0.004	0.00562007
0.0041	0.00562007
0.0042	0.00561986
0.0043	0.00561947
0.0044	0.0056189
0.0045	0.00561816
0.0046	0.00561727
0.0047	0.00561622
0.0048	0.00561504
0.0049	0.00561372
0.005	0.00561227
0.0051	0.00561071
0.0052	0.00560903
0.0053	0.00560724
0.0054	0.00560535
0.0055	0.00560336
0.0056	0.00560128
0.0057	0.00559911
0.0058	0.00559685
0.0059	0.00559451
0.006	0.00559209
0.0061	0.0055896
0.0062	0.00558704
0.0063	0.00558441
0.0064	0.00558171
0.0065	0.00557895
0.0066	0.00557613
0.0067	0.00557325
0.0068	0.00557032
0.0069	0.00556733
0.007	0.0055643
0.0071	0.00556121
0.0072	0.00555808
0.0073	0.0055549
0.0074	0.00555167
0.0075	0.00554841
0.0076	0.0055451
0.0077	0.00554175
0.0078	0.00553837
0.0079	0.00553495
0.008	0.0055315
0.0081	0.00552801
0.0082	0.00552448
0.0083	0.00552093
0.0084	0.00551735
0.0085	0.00551373
0.0086	0.00551009
0.0087	0.00550642
0.0088	0.00550272
0.0089	0.005499
0.009	0.00549525
0.0091	0.00549148
0.0092	0.00548769
0.0093	0.00548387
0.0094	0.00548003
0.0095	0.00547617
0.0096	0.00547229
0.0097	0.00546839
0.0098	0.00546447
0.0099	0.00546053
0.01	0.00545657
0.0101	0.0054526
0.0102	0.00544861
0.0103	0.0054446
0.0104	0.00544058
0.0105	0.00543654
0.0106	0.00543249
0.0107	0.00542842
0.0108	0.00542434
0.0109	0.00542024
0.011	0.00541613
0.0111	0.00541201
0.0112	0.00540788
0.0113	0.00540373
0.0114	0.00539957
0.0115	0.0053954
0.0116	0.00539122
0.0117	0.00538703
0.0118	0.00538283
0.0119	0.00537862
0.012	0.0053744
0.0121	0.00537017
0.0122	0.00536593
0.0123	0.00536169
0.0124	0.00535743
0.0125	0.00535317
0.0126	0.00534889
0.0127	0.00534461
0.0128	0.00534033
0.0129	0.00533603
0.013	0.00533173
0.0131	0.00532742
0.0132	0.0053231
0.0133	0.00531878
0.0134	0.00531445
0.0135	0.00531012
0.0136	0.00530578
0.0137	0.00530143
0.0138	0.00529708
0.0139	0.00529273
0.014	0.00528837
0.0141	0.005284
0.0142	0.00527963
0.0143	0.00527525
0.0144	0.00527087
0.0145	0.00526649
0.0146	0.0052621
0.0147	0.00525771
0.0148	0.00525331
0.0149	0.00524892
0.015	0.00524451
0.0151	0.00524011
0.0152	0.0052357
0.0153	0.00523128
0.0154	0.00522687
0.0155	0.00522245
0.0156	0.00521803
0.0157	0.0052136
0.0158	0.00520918
0.0159	0.00520475
0.016	0.00520032
0.0161	0.00519588
0.0162	0.00519145
0.0163	0.00518701
0.0164	0.00518257
0.0165	0.00517813
0.0166	0.00517368
0.0167	0.00516924
0.0168	0.00516479
0.0169	0.00516034
0.017	0.0051559
0.0171	0.00515145
0.0172	0.00514699
0.0173	0.00514254
0.0174	0.00513809
0.0175	0.00513363
0.0176	0.00512918
0.0177	0.00512472
0.0178	0.00512026
0.0179	0.00511581
0.018	0.00511135
0.0181	0.00510689
0.0182	0.00510243
0.0183	0.00509797
0.0184	0.00509351
0.0185	0.00508905
0.0186	0.00508459
0.0187	0.00508013
0.0188	0.00507567
0.0189	0.00507121
0.019	0.00506675
0.0191	0.00506229
0.0192	0.00505783
0.0193	0.00505337
0.0194	0.00504891
0.0195	0.00504445
0.0196	0.00503999
0.0197	0.00503553
0.0198	0.00503107
0.0199	0.00502662
0.02	0.00502216
0.0201	0.0050177
0.0202	0.00501325
0.0203	0.00500879
0.0204	0.00500434
0.0205	0.00499989
0.0206	0.00499543
0.0207	0.00499098
0.0208	0.00498653
0.0209	0.00498208
0.021	0.00497763
0.0211	0.00497319
0.0212	0.00496874
0.0213	0.0049643
0.0214	0.00495985
0.0215	0.00495541
0.0216	0.00495097
0.0217	0.00494653
0.0218	0.00494209
0.0219	0.00493765
0.022	0.00493321
0.0221	0.00492878
0.0222	0.00492435
0.0223	0.00491991
0.0224	0.00491548
0.0225	0.00491105
0.0226	0.00490663
0.0227	0.0049022
0.0228	0.00489778
0.0229	0.00489335
0.023	0.00488893
0.0231	0.00488451
0.0232	0.0048801
0.0233	0.00487568
0.0234	0.00487127
0.0235	0.00486686
0.0236	0.00486245
0.0237	0.00485804
0.0238	0.00485363
0.0239	0.00484923
0.024	0.00484482
0.0241	0.00484042
0.0242	0.00483602
0.0243	0.00483163
0.0244	0.00482723
0.0245	0.00482284
0.0246	0.00481845
0.0247	0.00481406
0.0248	0.00480968
0.0249	0.00480529
0.025	0.00480091
0.0251	0.00479653
0.0252	0.00479215
0.0253	0.00478778
0.0254	0.0047834
0.0255	0.00477903
0.0256	0.00477466
0.0257	0.0047703
0.0258	0.00476593
0.0259	0.00476157
0.026	0.00475721
0.0261	0.00475285
0.0262	0.0047485
0.0263	0.00474415
0.0264	0.0047398
0.0265	0.00473545
0.0266	0.0047311
0.0267	0.00472676
0.0268	0.00472242
0.0269	0.00471808
0.027	0.00471375
0.0271	0.00470942
0.0272	0.00470509
0.0273	0.00470076
0.0274	0.00469643
0.0275	0.00469211
0.0276	0.00468779
0.0277	0.00468347
0.0278	0.00467916
0.0279	0.00467484
0.028	0.00467054
0.0281	0.00466623
0.0282	0.00466192
0.0283	0.00465762
0.0284	0.00465332
0.0285	0.00464903
0.0286	0.00464473
0.0287	0.00464044
0.0288	0.00463615
0.0289	0.00463187
0.029	0.00462758
0.0291	0.0046233
0.0292	0.00461903
0.0293	0.00461475
0.0294	0.00461048
0.0295	0.00460621
0.0296	0.00460195
0.0297	0.00459768
0.0298	0.00459342
0.0299	0.00458916
0.03	0.00458491
0.0301	0.00458066
0.0302	0.00457641
0.0303	0.00457216
0.0304	0.00456792
0.0305	0.00456368
0.0306	0.00455944
0.0307	0.0045552
0.0308	0.00455097
0.0309	0.00454674
0.031	0.00454252
0.0311	0.00453829
0.0312	0.00453407
0.0313	0.00452985
0.0314	0.00452564
0.0315	0.00452143
0.0316	0.00451722
0.0317	0.00451301
0.0318	0.00450881
0.0319	0.00450461
0.032	0.00450041
0.0321	0.00449622
0.0322	0.00449203
0.0323	0.00448784
0.0324	0.00448366
0.0325	0.00447947
0.0326	0.00447529
0.0327	0.00447112
0.0328	0.00446695
0.0329	0.00446278
0.033	0.00445861
0.0331	0.00445445
0.0332	0.00445028
0.0333	0.00444613
0.0334	0.00444197
0.0335	0.00443782
0.0336	0.00443367
0.0337	0.00442953
0.0338	0.00442538
0.0339	0.00442125
0.034	0.00441711
0.0341	0.00441298
0.0342	0.00440885
0.0343	0.00440472
0.0344	0.00440059
0.0345	0.00439647
0.0346	0.00439236
0.0347	0.00438824
0.0348	0.00438413
0.0349	0.00438002
0.035	0.00437592
0.0351	0.00437181
0.0352	0.00436772
0.0353	0.00436362
0.0354	0.00435953
0.0355	0.00435544
0.0356	0.00435135
0.0357	0.00434727
0.0358	0.00434319
0.0359	0.00433911
0.036	0.00433504
0.0361	0.00433097
0.0362	0.0043269
0.0363	0.00432283
0.0364	0.00431877
0.0365	0.00431471
0.0366	0.00431066
0.0367	0.00430661
0.0368	0.00430256
0.0369	0.00429851
0.037	0.00429447
0.0371	0.00429043
0.0372	0.0042864
0.0373	0.00428236
0.0374	0.00427833
0.0375	0.00427431
0.0376	0.00427029
0.0377	0.00426627
0.0378	0.00426225
0.0379	0.00425824
0.038	0.00425423
0.0381	0.00425022
0.0382	0.00424621
0.0383	0.00424221
0.0384	0.00423822
0.0385	0.00423422
0.0386	0.00423023
0.0387	0.00422624
0.0388	0.00422226
0.0389	0.00421828
0.039	0.0042143
0.0391	0.00421032
0.0392	0.00420635
0.0393	0.00420238
0.0394	0.00419842
0.0395	0.00419446
0.0396	0.0041905
0.0397	0.00418654
0.0398	0.00418259
0.0399	0.00417864
0.04	0.00417469
0.0401	0.00417075
0.0402	0.00416681
0.0403	0.00416288
0.0404	0.00415894
0.0405	0.00415501
0.0406	0.00415109
0.0407	0.00414716
0.0408	0.00414324
0.0409	0.00413933
0.041	0.00413541
0.0411	0.0041315
0.0412	0.00412759
0.0413	0.00412369
0.0414	0.00411979
0.0415	0.00411589
0.0416	0.004112
0.0417	0.00410811
0.0418	0.00410422
0.0419	0.00410033
0.042	0.00409645
0.0421	0.00409258
0.0422	0.0040887
0.0423	0.00408483
0.0424	0.00408096
0.0425	0.0040771
0.0426	0.00407323
0.0427	0.00406938
0.0428	0.00406552
0.0429	0.00406167
0.043	0.00405782
0.0431	0.00405397
0.0432	0.00405013
0.0433	0.00404629
0.0434	0.00404246
0.0435	0.00403862
0.0436	0.00403479
0.0437	0.00403097
0.0438	0.00402715
0.0439	0.00402333
0.044	0.00401951
0.0441	0.0040157
0.0442	0.00401189
0.0443	0.00400808
0.0444	0.00400428
0.0445	0.00400048
0.0446	0.00399668
0.0447	0.00399289
0.0448	0.0039891
0.0449	0.00398531
0.045	0.00398152
0.0451	0.00397774
0.0452	0.00397397
0.0453	0.00397019
0.0454	0.00396642
0.0455	0.00396265
0.0456	0.00395889
0.0457	0.00395513
0.0458	0.00395137
0.0459	0.00394761
0.046	0.00394386
0.0461	0.00394011
0.0462	0.00393637
0.0463	0.00393263
0.0464	0.00392889
0.0465	0.00392515
0.0466	0.00392142
0.0467	0.00391769
0.0468	0.00391397
0.0469	0.00391024
0.047	0.00390652
0.0471	0.00390281
0.0472	0.0038991
0.0473	0.00389539
0.0474	0.00389168
0.0475	0.00388798
0.0476	0.00388428
0.0477	0.00388058
0.0478	0.00387689
0.0479	0.0038732
0.048	0.00386951
0.0481	0.00386582
0.0482	0.00386214
0.0483	0.00385847
0.0484	0.00385479
0.0485	0.00385112
0.0486	0.00384745
0.0487	0.00384379
0.0488	0.00384013
0.0489	0.00383647
0.049	0.00383281
0.0491	0.00382916
0.0492	0.00382551
0.0493	0.00382187
0.0494	0.00381823
0.0495	0.00381459
0.0496	0.00381095
0.0497	0.00380732
0.0498	0.00380369
0.0499	0.00380006
0.05	0.00379644
0.0501	0.00379282
0.0502	0.0037892
0.0503	0.00378559
0.0504	0.00378198
0.0505	0.00377837
0.0506	0.00377477
0.0507	0.00377117
0.0508	0.00376757
0.0509	0.00376398
0.051	0.00376039
0.0511	0.0037568
0.0512	0.00375321
0.0513	0.00374963
0.0514	0.00374605
0.0515	0.00374248
0.0516	0.00373891
0.0517	0.00373534
0.0518	0.00373177
0.0519	0.00372821
0.052	0.00372465
0.0521	0.00372109
0.0522	0.00371754
0.0523	0.00371399
0.0524	0.00371045
0.0525	0.0037069
0.0526	0.00370336
0.0527	0.00369982
0.0528	0.00369629
0.0529	0.00369276
0.053	0.00368923
0.0531	0.00368571
0.0532	0.00368219
0.0533	0.00367867
0.0534	0.00367515
0.0535	0.00367164
0.0536	0.00366813
0.0537	0.00366463
0.0538	0.00366112
0.0539	0.00365762
0.054	0.00365413
0.0541	0.00365063
0.0542	0.00364714
0.0543	0.00364366
0.0544	0.00364017
0.0545	0.00363669
0.0546	0.00363322
0.0547	0.00362974
0.0548	0.00362627
0.0549	0.0036228
0.055	0.00361934
0.0551	0.00361588
0.0552	0.00361242
0.0553	0.00360896
0.0554	0.00360551
0.0555	0.00360206
0.0556	0.00359861
0.0557	0.00359517
0.0558	0.00359173
0.0559	0.00358829
0.056	0.00358486
0.0561	0.00358143
0.0562	0.003578
0.0563	0.00357458
0.0564	0.00357115
0.0565	0.00356774
0.0566	0.00356432
0.0567	0.00356091
0.0568	0.0035575
0.0569	0.00355409
0.057	0.00355069
0.0571	0.00354729
0.0572	0.00354389
0.0573	0.0035405
0.0574	0.00353711
0.0575	0.00353372
0.0576	0.00353034
0.0577	0.00352696
0.0578	0.00352358
0.0579	0.0035202
0.058	0.00351683
0.0581	0.00351346
0.0582	0.0035101
0.0583	0.00350673
0.0584	0.00350337
0.0585	0.00350002
0.0586	0.00349666
0.0587	0.00349331
0.0588	0.00348996
0.0589	0.00348662
0.059	0.00348328
0.0591	0.00347994
0.0592	0.0034766
0.0593	0.00347327
0.0594	0.00346994
0.0595	0.00346662
0.0596	0.00346329
0.0597	0.00345997
0.0598	0.00345665
0.0599	0.00345334
0.06	0.00345003
0.0601	0.00344672
0.0602	0.00344342
0.0603	0.00344011
0.0604	0.00343681
0.0605	0.00343352
0.0606	0.00343023
0.0607	0.00342694
0.0608	0.00342365
0.0609	0.00342036
0.061	0.00341708
0.0611	0.00341381
0.0612	0.00341053
0.0613	0.00340726
0.0614	0.00340399
0.0615	0.00340072
0.0616	0.00339746
0.0617	0.0033942
0.0618	0.00339094
0.0619	0.00338769
0.062	0.00338444
0.0621	0.00338119
0.0622	0.00337794
0.0623	0.0033747
0.0624	0.00337146
0.0625	0.00336823
0.0626	0.00336499
0.0627	0.00336176
0.0628	0.00335854
0.0629	0.00335531
0.063	0.00335209
0.0631	0.00334887
0.0632	0.00334566
0.0633	0.00334245
0.0634	0.00333924
0.0635	0.00333603
0.0636	0.00333283
0.0637	0.00332963
0.0638	0.00332643
0.0639	0.00332323
0.064	0.00332004
0.0641	0.00331685
0.0642	0.00331367
0.0643	0.00331048
0.0644	0.0033073
0.0645	0.00330413
0.0646	0.00330095
0.0647	0.00329778
0.0648	0.00329461
0.0649	0.00329145
0.065	0.00328829
0.0651	0.00328513
0.0652	0.00328197
0.0653	0.00327882
0.0654	0.00327567
0.0655	0.00327252
0.0656	0.00326937
0.0657	0.00326623
0.0658	0.00326309
0.0659	0.00325996
0.066	0.00325682
0.0661	0.00325369
0.0662	0.00325056
0.0663	0.00324744
0.0664	0.00324432
0.0665	0.0032412
0.0666	0.00323808
0.0667	0.00323497
0.0668	0.00323186
0.0669	0.00322875
0.067	0.00322565
0.0671	0.00322255
0.0672	0.00321945
0.0673	0.00321635
0.0674	0.00321326
0.0675	0.00321017
0.0676	0.00320708
0.0677	0.003204
0.0678	0.00320092
0.0679	0.00319784
0.068	0.00319476
0.0681	0.00319169
0.0682	0.00318862
0.0683	0.00318555
0.0684	0.00318249
0.0685	0.00317943
0.0686	0.00317637
0.0687	0.00317331
0.0688	0.00317026
0.0689	0.00316721
0.069	0.00316416
0.0691	0.00316112
0.0692	0.00315808
0.0693	0.00315504
0.0694	0.003152
0.0695	0.00314897
0.0696	0.00314594
0.0697	0.00314291
0.0698	0.00313989
0.0699	0.00313687
0.07	0.00313385
0.0701	0.00313083
0.0702	0.00312782
0.0703	0.00312481
0.0704	0.0031218
0.0705	0.0031188
0.0706	0.00311579
0.0707	0.00311279
0.0708	0.0031098
0.0709	0.0031068
0.071	0.00310381
0.0711	0.00310083
0.0712	0.00309784
0.0713	0.00309486
0.0714	0.00309188
0.0715	0.0030889
0.0716	0.00308593
0.0717	0.00308296
0.0718	0.00307999
0.0719	0.00307702
0.072	0.00307406
0.0721	0.0030711
0.0722	0.00306814
0.0723	0.00306519
0.0724	0.00306223
0.0725	0.00305929
0.0726	0.00305634
0.0727	0.0030534
0.0728	0.00305045
0.0729	0.00304752
0.073	0.00304458
0.0731	0.00304165
0.0732	0.00303872
0.0733	0.00303579
0.0734	0.00303287
0.0735	0.00302995
0.0736	0.00302703
0.0737	0.00302411
0.0738	0.0030212
0.0739	0.00301829
0.074	0.00301538
0.0741	0.00301247
0.0742	0.00300957
0.0743	0.00300667
0.0744	0.00300377
0.0745	0.00300088
0.0746	0.00299799
0.0747	0.0029951
0.0748	0.00299221
0.0749	0.00298933
0.075	0.00298645
0.0751	0.00298357
0.0752	0.00298069
0.0753	0.00297782
0.0754	0.00297495
0.0755	0.00297208
0.0756	0.00296922
0.0757	0.00296636
0.0758	0.0029635
0.0759	0.00296064
0.076	0.00295779
0.0761	0.00295494
0.0762	0.00295209
0.0763	0.00294924
0.0764	0.0029464
0.0765	0.00294356
0.0766	0.00294072
0.0767	0.00293789
0.0768	0.00293505
0.0769	0.00293222
0.077	0.0029294
0.0771	0.00292657
0.0772	0.00292375
0.0773	0.00292093
0.0774	0.00291811
0.0775	0.0029153
0.0776	0.00291249
0.0777	0.00290968
0.0778	0.00290688
0.0779	0.00290407
0.078	0.00290127
0.0781	0.00289847
0.0782	0.00289568
0.0783	0.00289289
0.0784	0.0028901
0.0785	0.00288731
0.0786	0.00288452
0.0787	0.00288174
0.0788	0.00287896
0.0789	0.00287618
0.079	0.00287341
0.0791	0.00287064
0.0792	0.00286787
0.0793	0.0028651
0.0794	0.00286234
0.0795	0.00285958
0.0796	0.00285682
0.0797	0.00285406
0.0798	0.00285131
0.0799	0.00284856
0.08	0.00284581
0.0801	0.00284306
0.0802	0.00284032
0.0803	0.00283758
0.0804	0.00283484
0.0805	0.00283211
0.0806	0.00282937
0.0807	0.00282664
0.0808	0.00282392
0.0809	0.00282119
0.081	0.00281847
0.0811	0.00281575
0.0812	0.00281303
0.0813	0.00281032
0.0814	0.00280761
0.0815	0.0028049
0.0816	0.00280219
0.0817	0.00279948
0.0818	0.00279678
0.0819	0.00279408
0.082	0.00279139
0.0821	0.00278869
0.0822	0.002786
0.0823	0.00278331
0.0824	0.00278062
0.0825	0.00277794
0.0826	0.00277526
0.0827	0.00277258
0.0828	0.0027699
0.0829	0.00276723
0.083	0.00276456
0.0831	0.00276189
0.0832	0.00275922
0.0833	0.00275656
0.0834	0.0027539
0.0835	0.00275124
0.0836	0.00274858
0.0837	0.00274593
0.0838	0.00274328
0.0839	0.00274063
0.084	0.00273798
0.0841	0.00273534
0.0842	0.0027327
0.0843	0.00273006
0.0844	0.00272742
0.0845	0.00272479
0.0846	0.00272216
0.0847	0.00271953
0.0848	0.0027169
0.0849	0.00271428
0.085	0.00271166
0.0851	0.00270904
0.0852	0.00270642
0.0853	0.00270381
0.0854	0.0027012
0.0855	0.00269859
0.0856	0.00269598
0.0857	0.00269338
0.0858	0.00269078
0.0859	0.00268818
0.086	0.00268558
0.0861	0.00268299
0.0862	0.0026804
0.0863	0.00267781
0.0864	0.00267522
0.0865	0.00267264
0.0866	0.00267005
0.0867	0.00266748
0.0868	0.0026649
0.0869	0.00266232
0.087	0.00265975
0.0871	0.00265718
0.0872	0.00265462
0.0873	0.00265205
0.0874	0.00264949
0.0875	0.00264693
0.0876	0.00264437
0.0877	0.00264182
0.0878	0.00263926
0.0879	0.00263671
0.088	0.00263417
0.0881	0.00263162
0.0882	0.00262908
0.0883	0.00262654
0.0884	0.002624
0.0885	0.00262147
0.0886	0.00261893
0.0887	0.0026164
0.0888	0.00261387
0.0889	0.00261135
0.089	0.00260882
0.0891	0.0026063
0.0892	0.00260378
0.0893	0.00260127
0.0894	0.00259875
0.0895	0.00259624
0.0896	0.00259373
0.0897	0.00259123
0.0898	0.00258872
0.0899	0.00258622
0.09	0.00258372
0.0901	0.00258122
0.0902	0.00257873
0.0903	0.00257624
0.0904	0.00257375
0.0905	0.00257126
0.0906	0.00256877
0.0907	0.00256629
0.0908	0.00256381
0.0909	0.00256133
0.091	0.00255885
0.0911	0.00255638
0.0912	0.00255391
0.0913	0.00255144
0.0914	0.00254897
0.0915	0.00254651
0.0916	0.00254405
0.0917	0.00254159
0.0918	0.00253913
0.0919	0.00253668
0.092	0.00253423
0.0921	0.00253178
0.0922	0.00252933
0.0923	0.00252688
0.0924	0.00252444
0.0925	0.002522
0.0926	0.00251956
0.0927	0.00251712
0.0928	0.00251469
0.0929	0.00251226
0.093	0.00250983
0.0931	0.00250746
0.0932	0.0025051
0.0933	0.00250273
0.0934	0.00250037
0.0935	0.00249802
0.0936	0.00249566
0.0937	0.00249331
0.0938	0.00249096
0.0939	0.00248861
0.094	0.00248626
0.0941	0.00248392
0.0942	0.00248158
0.0943	0.00247924
0.0944	0.0024769
0.0945	0.00247457
0.0946	0.00247223
0.0947	0.0024699
0.0948	0.00246757
0.0949	0.00246524
0.095	0.00246292
0.0951	0.0024606
0.0952	0.00245828
0.0953	0.00245596
0.0954	0.00245364
0.0955	0.00245133
0.0956	0.00244901
0.0957	0.0024467
0.0958	0.0024444
0.0959	0.00244209
0.096	0.00243979
0.0961	0.00243749
0.0962	0.00243519
0.0963	0.00243289
0.0964	0.00243059
0.0965	0.0024283
0.0966	0.00242601
0.0967	0.00242372
0.0968	0.00242143
0.0969	0.00241915
0.097	0.00241691
0.0971	0.00241468
0.0972	0.00241246
0.0973	0.00241024
0.0974	0.00240803
0.0975	0.00240581
0.0976	0.0024036
0.0977	0.00240138
0.0978	0.00239917
0.0979	0.00239697
0.098	0.00239476
0.0981	0.00239256
0.0982	0.00239035
0.0983	0.00238815
0.0984	0.00238596
0.0985	0.00238376
0.0986	0.00238156
0.0987	0.00237937
0.0988	0.00237718
0.0989	0.00237499
0.099	0.00237281
0.0991	0.00237062
0.0992	0.00236844
0.0993	0.00236626
0.0994	0.00236408
0.0995	0.0023619
0.0996	0.00235973
0.0997	0.00235755
0.0998	0.00235538
0.0999	0.00235321
0.1	0.00235104
0.1001	0.00234888
0.1002	0.00234671
0.1003	0.00234455
0.1004	0.00234239
0.1005	0.00234023
0.1006	0.00233808
0.1007	0.00233592
0.1008	0.00233377
0.1009	0.00233164
0.101	0.00232955
0.1011	0.00232746
0.1012	0.00232536
0.1013	0.00232327
0.1014	0.00232119
0.1015	0.0023191
0.1016	0.00231702
0.1017	0.00231493
0.1018	0.00231285
0.1019	0.00231077
0.102	0.0023087
0.1021	0.00230662
0.1022	0.00230455
0.1023	0.00230247
0.1024	0.0023004
0.1025	0.00229833
0.1026	0.00229627
0.1027	0.0022942
0.1028	0.00229214
0.1029	0.00229008
0.103	0.00228802
0.1031	0.00228596
0.1032	0.0022839
0.1033	0.00228185
0.1034	0.00227979
0.1035	0.00227774
0.1036	0.00227569
0.1037	0.00227364
0.1038	0.0022716
0.1039	0.00226955
0.104	0.00226751
0.1041	0.00226547
0.1042	0.00226343
0.1043	0.00226139
0.1044	0.00225936
0.1045	0.00225732
0.1046	0.00225529
0.1047	0.00225326
0.1048	0.00225123
0.1049	0.00224925
0.105	0.00224728
0.1051	0.0022453
0.1052	0.00224333
0.1053	0.00224136
0.1054	0.00223939
0.1055	0.00223743
0.1056	0.00223546
0.1057	0.0022335
0.1058	0.00223153
0.1059	0.00222957
0.106	0.00222761
0.1061	0.00222566
0.1062	0.0022237
0.1063	0.00222174
0.1064	0.00221979
0.1065	0.00221784
0.1066	0.00221589
0.1067	0.00221394
0.1068	0.002212
0.1069	0.00221005
0.107	0.00220811
0.1071	0.00220617
0.1072	0.00220423
0.1073	0.00220229
0.1074	0.00220035
0.1075	0.00219841
0.1076	0.00219648
0.1077	0.00219455
0.1078	0.00219262
0.1079	0.00219069
0.108	0.00218876
0.1081	0.00218683
0.1082	0.00218491
0.1083	0.00218299
0.1084	0.00218106
0.1085	0.00217914
0.1086	0.00217723
0.1087	0.00217531
0.1088	0.00217341
0.1089	0.00217154
0.109	0.00216968
0.1091	0.00216781
0.1092	0.00216595
0.1093	0.00216409
0.1094	0.00216223
0.1095	0.00216037
0.1096	0.00215852
0.1097	0.00215666
0.1098	0.00215481
0.1099	0.00215296
0.11	0.00215111
0.1101	0.00214926
0.1102	0.00214741
0.1103	0.00214556
0.1104	0.00214372
0.1105	0.00214188
0.1106	0.00214003
0.1107	0.00213819
0.1108	0.00213636
0.1109	0.00213452
0.111	0.00213268
0.1111	0.00213085
0.1112	0.00212901
0.1113	0.00212718
0.1114	0.00212535
0.1115	0.00212352
0.1116	0.0021217
0.1117	0.00211987
0.1118	0.00211805
0.1119	0.00211622
0.112	0.0021144
0.1121	0.00211258
0.1122	0.00211076
0.1123	0.00210895
0.1124	0.00210713
0.1125	0.00210532
0.1126	0.0021035
0.1127	0.00210169
0.1128	0.00209989
0.1129	0.00209813
0.113	0.00209637
0.1131	0.00209461
0.1132	0.00209284
0.1133	0.00209109
0.1134	0.00208933
0.1135	0.00208757
0.1136	0.00208582
0.1137	0.00208406
0.1138	0.00208231
0.1139	0.00208056
0.114	0.00207881
0.1141	0.00207706
0.1142	0.00207531
0.1143	0.00207357
0.1144	0.00207182
0.1145	0.00207008
0.1146	0.00206834
0.1147	0.0020666
0.1148	0.00206486
0.1149	0.00206312
0.115	0.00206138
0.1151	0.00205965
0.1152	0.00205791
0.1153	0.00205618
0.1154	0.00205445
0.1155	0.00205272
0.1156	0.00205099
0.1157	0.00204926
0.1158	0.00204754
0.1159	0.00204581
0.116	0.00204409
0.1161	0.00204237
0.1162	0.00204065
0.1163	0.00203893
0.1164	0.00203721
0.1165	0.00203549
0.1166	0.00203378
0.1167	0.00203206
0.1168	0.00203035
0.1169	0.00202868
0.117	0.00202701
0.1171	0.00202535
0.1172	0.00202368
0.1173	0.00202201
0.1174	0.00202035
0.1175	0.00201869
0.1176	0.00201703
0.1177	0.00201537
0.1178	0.00201371
0.1179	0.00201205
0.118	0.00201039
0.1181	0.00200874
0.1182	0.00200708
0.1183	0.00200543
0.1184	0.00200378
0.1185	0.00200213
0.1186	0.00200048
0.1187	0.00199883
0.1188	0.00199718
0.1189	0.00199553
0.119	0.00199389
0.1191	0.00199225
0.1192	0.0019906
0.1193	0.00198896
0.1194	0.00198732
0.1195	0.00198568
0.1196	0.00198405
0.1197	0.00198241
0.1198	0.00198077
0.1199	0.00197914
0.12	0.00197751
0.1201	0.00197588
0.1202	0.00197425
0.1203	0.00197262
0.1204	0.00197099
0.1205	0.00196936
0.1206	0.00196774
0.1207	0.00196611
0.1208	0.00196449
0.1209	0.00196289
0.121	0.00196131
0.1211	0.00195973
0.1212	0.00195815
0.1213	0.00195657
0.1214	0.00195499
0.1215	0.00195342
0.1216	0.00195184
0.1217	0.00195027
0.1218	0.0019487
0.1219	0.00194712
0.122	0.00194555
0.1221	0.00194398
0.1222	0.00194241
0.1223	0.00194085
0.1224	0.00193928
0.1225	0.00193772
0.1226	0.00193615
0.1227	0.00193459
0.1228	0.00193303
0.1229	0.00193147
0.123	0.00192991
0.1231	0.00192835
0.1232	0.00192679
0.1233	0.00192524
0.1234	0.00192368
0.1235	0.00192213
0.1236	0.00192057
0.1237	0.00191902
0.1238	0.00191747
0.1239	0.00191592
0.124	0.00191437
0.1241	0.00191282
0.1242	0.00191128
0.1243	0.00190973
0.1244	0.00190819
0.1245	0.00190665
0.1246	0.0019051
0.1247	0.00190356
0.1248	0.00190202
0.1249	0.00190048
0.125	0.00189897
0.1251	0.00189747
0.1252	0.00189597
0.1253	0.00189448
0.1254	0.00189298
0.1255	0.00189148
0.1256	0.00188999
0.1257	0.0018885
0.1258	0.001887
0.1259	0.00188551
0.126	0.00188402
0.1261	0.00188253
0.1262	0.00188104
0.1263	0.00187956
0.1264	0.00187807
0.1265	0.00187658
0.1266	0.0018751
0.1267	0.00187361
0.1268	0.00187213
0.1269	0.00187065
0.127	0.00186917
0.1271	0.00186769
0.1272	0.00186621
0.1273	0.00186473
0.1274	0.00186326
0.1275	0.00186178
0.1276	0.00186031
0.1277	0.00185883
0.1278	0.00185736
0.1279	0.00185589
0.128	0.00185442
0.1281	0.00185295
0.1282	0.00185148
0.1283	0.00185001
0.1284	0.00184855
0.1285	0.00184708
0.1286	0.00184562
0.1287	0.00184415
0.1288	0.00184269
0.1289	0.00184123
0.129	0.00183977
0.1291	0.00183833
0.1292	0.0018369
0.1293	0.00183548
0.1294	0.00183406
0.1295	0.00183264
0.1296	0.00183122
0.1297	0.0018298
0.1298	0.00182838
0.1299	0.00182696
0.13	0.00182555
0.1301	0.00182413
0.1302	0.00182272
0.1303	0.0018213
0.1304	0.00181989
0.1305	0.00181848
0.1306	0.00181707
0.1307	0.00181566
0.1308	0.00181425
0.1309	0.00181284
0.131	0.00181143
0.1311	0.00181003
0.1312	0.00180862
0.1313	0.00180722
0.1314	0.00180581
0.1315	0.00180441
0.1316	0.00180301
0.1317	0.00180161
0.1318	0.00180021
0.1319	0.00179881
0.132	0.00179741
0.1321	0.00179602
0.1322	0.00179462
0.1323	0.00179323
0.1324	0.00179183
0.1325	0.00179044
0.1326	0.00178905
0.1327	0.00178765
0.1328	0.00178626
0.1329	0.00178487
0.133	0.00178349
0.1331	0.0017821
0.1332	0.00178071
0.1333	0.00177935
0.1334	0.001778
0.1335	0.00177665
0.1336	0.0017753
0.1337	0.00177395
0.1338	0.0017726
0.1339	0.00177125
0.134	0.0017699
0.1341	0.00176856
0.1342	0.00176721
0.1343	0.00176587
0.1344	0.00176452
0.1345	0.00176318
0.1346	0.00176184
0.1347	0.0017605
0.1348	0.00175916
0.1349	0.00175782
0.135	0.00175648
0.1351	0.00175514
0.1352	0.0017538
0.1353	0.00175247
0.1354	0.00175113
0.1355	0.0017498
0.1356	0.00174846
0.1357	0.00174713
0.1358	0.0017458
0.1359	0.00174447
0.136	0.00174314
0.1361	0.00174181
0.1362	0.00174048
0.1363	0.00173915
0.1364	0.00173782
0.1365	0.0017365
0.1366	0.00173517
0.1367	0.00173385
0.1368	0.00173252
0.1369	0.0017312
0.137	0.00172988
0.1371	0.00172856
0.1372	0.00172724
0.1373	0.00172592
0.1374	0.0017246
0.1375	0.0017233
0.1376	0.00172202
0.1377	0.00172073
0.1378	0.00171945
0.1379	0.00171816
0.138	0.00171688
0.1381	0.0017156
0.1382	0.00171432
0.1383	0.00171304
0.1384	0.00171176
0.1385	0.00171048
0.1386	0.0017092
0.1387	0.00170792
0.1388	0.00170664
0.1389	0.00170537
0.139	0.00170409
0.1391	0.00170282
0.1392	0.00170155
0.1393	0.00170027
0.1394	0.001699
0.1395	0.00169773
0.1396	0.00169646
0.1397	0.00169519
0.1398	0.00169392
0.1399	0.00169265
0.14	0.00169138
0.1401	0.00169012
0.1402	0.00168885
0.1403	0.00168759
0.1404	0.00168632
0.1405	0.00168506
0.1406	0.0016838
0.1407	0.00168253
0.1408	0.00168127
0.1409	0.00168001
0.141	0.00167875
0.1411	0.00167749
0.1412	0.00167624
0.1413	0.00167498
0.1414	0.00167372
0.1415	0.00167247
0.1416	0.00167121
0.1417	0.00166996
0.1418	0.00166873
0.1419	0.00166751
0.142	0.00166629
0.1421	0.00166506
0.1422	0.00166384
0.1423	0.00166262
0.1424	0.0016614
0.1425	0.00166018
0.1426	0.00165896
0.1427	0.00165774
0.1428	0.00165653
0.1429	0.00165531
0.143	0.00165409
0.1431	0.00165288
0.1432	0.00165166
0.1433	0.00165045
0.1434	0.00164924
0.1435	0.00164803
0.1436	0.00164681
0.1437	0.0016456
0.1438	0.00164439
0.1439	0.00164318
0.144	0.00164197
0.1441	0.00164077
0.1442	0.00163956
0.1443	0.00163835
0.1444	0.00163715
0.1445	0.00163594
0.1446	0.00163474
0.1447	0.00163353
0.1448	0.00163233
0.1449	0.00163113
0.145	0.00162993
0.1451	0.00162873
0.1452	0.00162753
0.1453	0.00162633
0.1454	0.00162513
0.1455	0.00162393
0.1456	0.00162273
0.1457	0.00162154
0.1458	0.00162034
0.1459	0.00161915
0.146	0.00161795
0.1461	0.00161678
0.1462	0.00161561
0.1463	0.00161444
0.1464	0.00161328
0.1465	0.00161211
0.1466	0.00161095
0.1467	0.00160979
0.1468	0.00160863
0.1469	0.00160747
0.147	0.0016063
0.1471	0.00160514
0.1472	0.00160399
0.1473	0.00160283
0.1474	0.00160167
0.1475	0.00160051
0.1476	0.00159935
0.1477	0.0015982
0.1478	0.00159704
0.1479	0.00159589
0.148	0.00159473
0.1481	0.00159358
0.1482	0.00159243
0.1483	0.00159128
0.1484	0.00159013
0.1485	0.00158897
0.1486	0.00158782
0.1487	0.00158668
0.1488	0.00158553
0.1489	0.00158438
0.149	0.00158323
0.1491	0.00158208
0.1492	0.00158094
0.1493	0.00157979
0.1494	0.00157865
0.1495	0.0015775
0.1496	0.00157636
0.1497	0.00157522
0.1498	0.00157408
0.1499	0.00157294
0.15	0.00157179
0.1501	0.00157065
0.1502	0.00156952
0.1503	0.00156838
0.1504	0.00156724
0.1505	0.00156612
0.1506	0.001565
0.1507	0.00156389
0.1508	0.00156278
0.1509	0.00156167
0.151	0.00156056
0.1511	0.00155946
0.1512	0.00155835
0.1513	0.00155724
0.1514	0.00155613
0.1515	0.00155503
0.1516	0.00155392
0.1517	0.00155282
0.1518	0.00155171
0.1519	0.00155061
0.152	0.00154951
0.1521	0.0015484
0.1522	0.0015473
0.1523	0.0015462
0.1524	0.0015451
0.1525	0.001544
0.1526	0.0015429
0.1527	0.0015418
0.1528	0.00154071
0.1529	0.00153961
0.153	0.00153851
0.1531	0.00153742
0.1532	0.00153632
0.1533	0.00153522
0.1534	0.00153413
0.1535	0.00153304
0.1536	0.00153194
0.1537	0.00153085
0.1538	0.00152976
0.1539	0.00152867
0.154	0.00152758
0.1541	0.00152649
0.1542	0.0015254
0.1543	0.00152431
0.1544	0.00152322
0.1545	0.00152213
0.1546	0.00152105
0.1547	0.00151996
0.1548	0.00151888
0.1549	0.00151779
0.155	0.00151672
0.1551	0.00151566
0.1552	0.0015146
0.1553	0.00151354
0.1554	0.00151248
0.1555	0.00151143
0.1556	0.00151037
0.1557	0.00150931
0.1558	0.00150826
0.1559	0.0015072
0.156	0.00150614
0.1561	0.00150509
0.1562	0.00150404
0.1563	0.00150298
0.1564	0.00150193
0.1565	0.00150088
0.1566	0.00149982
0.1567	0.00149877
0.1568	0.00149772
0.1569	0.00149667
0.157	0.00149562
0.1571	0.00149457
0.1572	0.00149353
0.1573	0.00149248
0.1574	0.00149143
0.1575	0.00149038
0.1576	0.00148934
0.1577	0.00148829
0.1578	0.00148725
0.1579	0.0014862
0.158	0.00148516
0.1581	0.00148412
0.1582	0.00148307
0.1583	0.00148203
0.1584	0.00148099
0.1585	0.00147995
0.1586	0.00147891
0.1587	0.00147787
0.1588	0.00147683
0.1589	0.00147579
0.159	0.00147475
0.1591	0.00147372
0.1592	0.00147268
0.1593	0.00147164
0.1594	0.00147061
0.1595	0.00146957
0.1596	0.00146856
0.1597	0.00146754
0.1598	0.00146653
0.1599	0.00146552
0.16	0.00146451
0.1601	0.0014635
0.1602	0.00146249
0.1603	0.00146148
0.1604	0.00146047
0.1605	0.00145947
0.1606	0.00145846
0.1607	0.00145745
0.1608	0.00145644
0.1609	0.00145544
0.161	0.00145443
0.1611	0.00145343
0.1612	0.00145242
0.1613	0.00145142
0.1614	0.00145042
0.1615	0.00144942
0.1616	0.00144841
0.1617	0.00144741
0.1618	0.00144641
0.1619	0.00144541
0.162	0.00144441
0.1621	0.00144341
0.1622	0.00144241
0.1623	0.00144141
0.1624	0.00144041
0.1625	0.00143942
0.1626	0.00143842
0.1627	0.00143742
0.1628	0.00143643
0.1629	0.00143543
0.163	0.00143444
0.1631	0.00143344
0.1632	0.00143245
0.1633	0.00143146
0.1634	0.00143046
0.1635	0.00142947
0.1636	0.00142848
0.1637	0.00142749
0.1638	0.0014265
0.1639	0.00142551
0.164	0.00142452
0.1641	0.00142353
0.1642	0.00142254
0.1643	0.00142158
0.1644	0.00142061
0.1645	0.00141964
0.1646	0.00141868
0.1647	0.00141771
0.1648	0.00141675
0.1649	0.00141578
0.165	0.00141482
0.1651	0.00141385
0.1652	0.00141289
0.1653	0.00141193
0.1654	0.00141097
0.1655	0.00141001
0.1656	0.00140904
0.1657	0.00140808
0.1658	0.00140712
0.1659	0.00140616
0.166	0.00140521
0.1661	0.00140425
0.1662	0.00140329
0.1663	0.00140233
0.1664	0.00140137
0.1665	0.00140042
0.1666	0.00139946
0.1667	0.00139851
0.1668	0.00139755
0.1669	0.0013966
0.167	0.00139564
0.1671	0.00139469
0.1672	0.00139374
0.1673	0.00139278
0.1674	0.00139183
0.1675	0.00139088
0.1676	0.00138993
0.1677	0.00138898
0.1678	0.00138803
0.1679	0.00138708
0.168	0.00138613
0.1681	0.00138518
0.1682	0.00138423
0.1683	0.00138328
0.1684	0.00138234
0.1685	0.00138139
0.1686	0.00138044
0.1687	0.0013795
0.1688	0.00137855
0.1689	0.00137761
0.169	0.00137666
0.1691	0.00137574
0.1692	0.00137481
0.1693	0.00137389
0.1694	0.00137297
0.1695	0.00137204
0.1696	0.00137112
0.1697	0.0013702
0.1698	0.00136928
0.1699	0.00136836
0.17	0.00136744
0.1701	0.00136651
0.1702	0.0013656
0.1703	0.00136468
0.1704	0.00136376
0.1705	0.00136284
0.1706	0.00136192
0.1707	0.001361
0.1708	0.00136009
0.1709	0.00135917
0.171	0.00135825
0.1711	0.00135734
0.1712	0.00135642
0.1713	0.00135551
0.1714	0.00135459
0.1715	0.00135368
0.1716	0.00135277
0.1717	0.00135185
0.1718	0.00135094
0.1719	0.00135003
0.172	0.00134912
0.1721	0.00134821
0.1722	0.0013473
0.1723	0.00134639
0.1724	0.00134548
0.1725	0.00134457
0.1726	0.00134366
0.1727	0.00134275
0.1728	0.00134184
0.1729	0.00134093
0.173	0.00134003
0.1731	0.00133912
0.1732	0.00133821
0.1733	0.00133731
0.1734	0.0013364
0.1735	0.0013355
0.1736	0.0013346
0.1737	0.00133369
0.1738	0.00133279
0.1739	0.00133189
0.174	0.00133099
0.1741	0.00133011
0.1742	0.00132922
0.1743	0.00132834
0.1744	0.00132746
0.1745	0.00132658
0.1746	0.00132569
0.1747	0.00132481
0.1748	0.00132393
0.1749	0.00132305
0.175	0.00132217
0.1751	0.00132129
0.1752	0.00132041
0.1753	0.00131953
0.1754	0.00131865
0.1755	0.00131777
0.1756	0.0013169
0.1757	0.00131602
0.1758	0.00131514
0.1759	0.00131426
0.176	0.00131339
0.1761	0.00131251
0.1762	0.00131164
0.1763	0.00131076
0.1764	0.00130989
0.1765	0.00130901
0.1766	0.00130814
0.1767	0.00130727
0.1768	0.00130639
0.1769	0.00130552
0.177	0.00130465
0.1771	0.00130378
0.1772	0.00130291
0.1773	0.00130204
0.1774	0.00130117
0.1775	0.0013003
0.1776	0.00129943
0.1777	0.00129856
0.1778	0.00129769
0.1779	0.00129682
0.178	0.00129595
0.1781	0.00129509
0.1782	0.00129422
0.1783	0.00129335
0.1784	0.00129249
0.1785	0.00129162
0.1786	0.00129076
0.1787	0.00128989
0.1788	0.00128903
0.1789	0.00128816
0.179	0.0012873
0.1791	0.00128645
0.1792	0.0012856
0.1793	0.00128476
0.1794	0.00128391
0.1795	0.00128306
0.1796	0.00128222
0.1797	0.00128138
0.1798	0.00128053
0.1799	0.00127969
0.18	0.00127885
0.1801	0.001278
0.1802	0.00127716
0.1803	0.00127632
0.1804	0.00127548
0.1805	0.00127464
0.1806	0.0012738
0.1807	0.00127296
0.1808	0.00127212
0.1809	0.00127128
0.181	0.00127044
0.1811	0.0012696
0.1812	0.00126876
0.1813	0.00126792
0.1814	0.00126709
0.1815	0.00126625
0.1816	0.00126541
0.1817	0.00126458
0.1818	0.00126374
0.1819	0.0012629
0.182	0.00126207
0.1821	0.00126123
0.1822	0.0012604
0.1823	0.00125957
0.1824	0.00125873
0.1825	0.0012579
0.1826	0.00125707
0.1827	0.00125623
0.1828	0.0012554
0.1829	0.00125457
0.183	0.00125374
0.1831	0.00125291
0.1832	0.00125208
0.1833	0.00125125
0.1834	0.00125042
0.1835	0.00124959
0.1836	0.00124876
0.1837	0.00124793
0.1838	0.00124711
0.1839	0.00124628
0.184	0.00124545
0.1841	0.00124463
0.1842	0.0012438
0.1843	0.00124297
0.1844	0.00124216
0.1845	0.00124135
0.1846	0.00124054
0.1847	0.00123973
0.1848	0.00123892
0.1849	0.00123811
0.185	0.00123731
0.1851	0.0012365
0.1852	0.00123569
0.1853	0.00123488
0.1854	0.00123408
0.1855	0.00123327
0.1856	0.00123247
0.1857	0.00123166
0.1858	0.00123085
0.1859	0.00123005
0.186	0.00122925
0.1861	0.00122844
0.1862	0.00122764
0.1863	0.00122683
0.1864	0.00122603
0.1865	0.00122523
0.1866	0.00122443
0.1867	0.00122363
0.1868	0.00122282
0.1869	0.00122202
0.187	0.00122122
0.1871	0.00122042
0.1872	0.00121962
0.1873	0.00121882
0.1874	0.00121802
0.1875	0.00121722
0.1876	0.00121643
0.1877	0.00121563
0.1878	0.00121483
0.1879	0.00121403
0.188	0.00121324
0.1881	0.00121244
0.1882	0.00121164
0.1883	0.00121085
0.1884	0.00121005
0.1885	0.00120926
0.1886	0.00120846
0.1887	0.00120767
0.1888	0.00120687
0.1889	0.00120608
0.189	0.00120529
0.1891	0.00120449
0.1892	0.0012037
0.1893	0.00120291
0.1894	0.00120212
0.1895	0.00120133
0.1896	0.00120054
0.1897	0.00119975
0.1898	0.00119896
0.1899	0.00119818
0.19	0.00119741
0.1901	0.00119663
0.1902	0.00119586
0.1903	0.00119508
0.1904	0.00119431
0.1905	0.00119353
0.1906	0.00119276
0.1907	0.00119199
0.1908	0.00119121
0.1909	0.00119044
0.191	0.00118967
0.1911	0.0011889
0.1912	0.00118813
0.1913	0.00118736
0.1914	0.00118658
0.1915	0.00118581
0.1916	0.00118504
0.1917	0.00118427
0.1918	0.00118351
0.1919	0.00118274
0.192	0.00118197
0.1921	0.0011812
0.1922	0.00118043
0.1923	0.00117966
0.1924	0.0011789
0.1925	0.00117813
0.1926	0.00117736
0.1927	0.0011766
0.1928	0.00117583
0.1929	0.00117507
0.193	0.0011743
0.1931	0.00117354
0.1932	0.00117277
0.1933	0.00117201
0.1934	0.00117125
0.1935	0.00117048
0.1936	0.00116972
0.1937	0.00116896
0.1938	0.00116819
0.1939	0.00116743
0.194	0.00116667
0.1941	0.00116591
0.1942	0.00116515
0.1943	0.00116439
0.1944	0.00116363
0.1945	0.00116287
0.1946	0.00116211
0.1947	0.00116135
0.1948	0.00116059
0.1949	0.00115983
0.195	0.00115908
0.1951	0.00115832
0.1952	0.00115756
0.1953	0.0011568
0.1954	0.00115605
0.1955	0.00115529
0.1956	0.00115455
0.1957	0.00115381
0.1958	0.00115306
0.1959	0.00115232
0.196	0.00115158
0.1961	0.00115084
0.1962	0.0011501
0.1963	0.00114936
0.1964	0.00114862
0.1965	0.00114788
0.1966	0.00114714
0.1967	0.0011464
0.1968	0.00114566
0.1969	0.00114492
0.197	0.00114418
0.1971	0.00114344
0.1972	0.0011427
0.1973	0.00114197
0.1974	0.00114123
0.1975	0.00114049
0.1976	0.00113976
0.1977	0.00113902
0.1978	0.00113828
0.1979	0.00113755
0.198	0.00113681
0.1981	0.00113608
0.1982	0.00113534
0.1983	0.00113461
0.1984	0.00113388
0.1985	0.00113314
0.1986	0.00113241
0.1987	0.00113168
0.1988	0.00113094
0.1989	0.00113021
0.199	0.00112948
0.1991	0.00112875
0.1992	0.00112802
0.1993	0.00112729
0.1994	0.00112656
0.1995	0.00112583
0.1996	0.0011251
0.1997	0.00112437
0.1998	0.00112364
0.1999	0.00112291
0.2	0.00112218
0.2001	0.00112145
0.2002	0.00112072
0.2003	0.00112
0.2004	0.00111927
0.2005	0.00111854
0.2006	0.00111782
0.2007	0.00111709
0.2008	0.00111636
0.2009	0.00111564
0.201	0.00111491
0.2011	0.00111419
0.2012	0.00111346
0.2013	0.00111274
0.2014	0.00111202
0.2015	0.0011113
0.2016	0.00111058
0.2017	0.00110987
0.2018	0.00110916
0.2019	0.00110845
0.202	0.00110774
0.2021	0.00110703
0.2022	0.00110632
0.2023	0.00110561
0.2024	0.0011049
0.2025	0.00110419
0.2026	0.00110349
0.2027	0.00110278
0.2028	0.00110207
0.2029	0.00110136
0.203	0.00110066
0.2031	0.00109995
0.2032	0.00109924
0.2033	0.00109854
0.2034	0.00109783
0.2035	0.00109713
0.2036	0.00109642
0.2037	0.00109571
0.2038	0.00109501
0.2039	0.00109431
0.204	0.0010936
0.2041	0.0010929
0.2042	0.00109219
0.2043	0.00109149
0.2044	0.00109079
0.2045	0.00109009
0.2046	0.00108938
0.2047	0.00108868
0.2048	0.00108798
0.2049	0.00108728
0.205	0.00108658
0.2051	0.00108588
0.2052	0.00108518
0.2053	0.00108448
0.2054	0.00108378
0.2055	0.00108308
0.2056	0.00108238
0.2057	0.00108168
0.2058	0.00108098
0.2059	0.00108029
0.206	0.00107959
0.2061	0.00107889
0.2062	0.00107819
0.2063	0.0010775
0.2064	0.0010768
0.2065	0.0010761
0.2066	0.00107541
0.2067	0.00107471
0.2068	0.00107402
0.2069	0.00107332
0.207	0.00107263
0.2071	0.00107193
0.2072	0.00107124
0.2073	0.00107055
0.2074	0.00106985
0.2075	0.00106916
0.2076	0.00106847
0.2077	0.00106778
0.2078	0.00106709
0.2079	0.00106641
0.208	0.00106573
0.2081	0.00106505
0.2082	0.00106437
0.2083	0.00106369
0.2084	0.00106301
0.2085	0.00106233
0.2086	0.00106165
0.2087	0.00106097
0.2088	0.00106029
0.2089	0.00105961
0.209	0.00105894
0.2091	0.00105826
0.2092	0.00105758
0.2093	0.0010569
0.2094	0.00105623
0.2095	0.00105555
0.2096	0.00105487
0.2097	0.0010542
0.2098	0.00105352
0.2099	0.00105285
0.21	0.00105217
0.2101	0.0010515
0.2102	0.00105082
0.2103	0.00105015
0.2104	0.00104948
0.2105	0.0010488
0.2106	0.00104813
0.2107	0.00104746
0.2108	0.00104679
0.2109	0.00104611
0.211	0.00104544
0.2111	0.00104477
0.2112	0.0010441
0.2113	0.00104343
0.2114	0.00104276
0.2115	0.00104209
0.2116	0.00104142
0.2117	0.00104075
0.2118	0.00104008
0.2119	0.00103941
0.212	0.00103874
0.2121	0.00103807
0.2122	0.0010374
0.2123	0.00103674
0.2124	0.00103607
0.2125	0.0010354
0.2126	0.00103473
0.2127	0.00103407
0.2128	0.0010334
0.2129	0.00103273
0.213	0.00103207
0.2131	0.0010314
0.2132	0.00103074
0.2133	0.00103007
0.2134	0.00102941
0.2135	0.00102874
0.2136	0.00102808
0.2137	0.00102742
0.2138	0.00102675
0.2139	0.00102609
0.214	0.00102543
0.2141	0.00102476
0.2142	0.0010241
0.2143	0.00102344
0.2144	0.00102278
0.2145	0.00102213
0.2146	0.00102148
0.2147	0.00102083
0.2148	0.00102017
0.2149	0.00101952
0.215	0.00101887
0.2151	0.00101822
0.2152	0.00101757
0.2153	0.00101692
0.2154	0.00101627
0.2155	0.00101563
0.2156	0.00101498
0.2157	0.00101433
0.2158	0.00101368
0.2159	0.00101303
0.216	0.00101239
0.2161	0.00101174
0.2162	0.00101109
0.2163	0.00101044
0.2164	0.0010098
0.2165	0.00100915
0.2166	0.00100851
0.2167	0.00100786
0.2168	0.00100722
0.2169	0.00100657
0.217	0.00100593
0.2171	0.00100528
0.2172	0.00100464
0.2173	0.00100399
0.2174	0.00100335
0.2175	0.00100271
0.2176	0.00100206
0.2177	0.00100142
0.2178	0.00100078
0.2179	0.00100014
0.218	0.000999496
0.2181	0.000998854
0.2182	0.000998213
0.2183	0.000997572
0.2184	0.000996932
0.2185	0.000996291
0.2186	0.000995651
0.2187	0.000995012
0.2188	0.000994372
0.2189	0.000993733
0.219	0.000993094
0.2191	0.000992456
0.2192	0.000991817
0.2193	0.000991179
0.2194	0.000990542
0.2195	0.000989904
0.2196	0.000989267
0.2197	0.00098863
0.2198	0.000987994
0.2199	0.000987357
0.22	0.000986721
0.2201	0.000986086
0.2202	0.00098545
0.2203	0.000984815
0.2204	0.00098418
0.2205	0.000983546
0.2206	0.000982911
0.2207	0.000982277
0.2208	0.000981644
0.2209	0.00098101
0.221	0.000980377
0.2211	0.000979744
0.2212	0.000979112
0.2213	0.00097848
0.2214	0.000977848
0.2215	0.000977223
0.2216	0.0009766
0.2217	0.000975977
0.2218	0.000975355
0.2219	0.000974733
0.222	0.000974111
0.2221	0.00097349
0.2222	0.000972868
0.2223	0.000972247
0.2224	0.000971627
0.2225	0.000971006
0.2226	0.000970386
0.2227	0.000969766
0.2228	0.000969147
0.2229	0.000968528
0.223	0.000967909
0.2231	0.00096729
0.2232	0.000966671
0.2233	0.000966053
0.2234	0.000965435
0.2235	0.000964818
0.2236	0.0009642
0.2237	0.000963583
0.2238	0.000962966
0.2239	0.00096235
0.224	0.000961734
0.2241	0.000961118
0.2242	0.000960502
0.2243	0.000959886
0.2244	0.000959271
0.2245	0.000958656
0.2246	0.000958042
0.2247	0.000957427
0.2248	0.000956813
0.2249	0.000956199
0.225	0.000955586
0.2251	0.000954973
0.2252	0.00095436
0.2253	0.000953747
0.2254	0.000953135
0.2255	0.000952523
0.2256	0.000951911
0.2257	0.000951299
0.2258	0.000950688
0.2259	0.000950077
0.226	0.000949466
0.2261	0.000948855
0.2262	0.000948245
0.2263	0.000947635
0.2264	0.000947026
0.2265	0.000946416
0.2266	0.000945807
0.2267	0.000945198
0.2268	0.00094459
0.2269	0.000943982
0.227	0.000943374
0.2271	0.000942766
0.2272	0.000942158
0.2273	0.000941551
0.2274	0.000940944
0.2275	0.000940338
0.2276	0.000939731
0.2277	0.000939125
0.2278	0.00093852
0.2279	0.000937914
0.228	0.000937309
0.2281	0.000936704
0.2282	0.000936099
0.2283	0.000935495
0.2284	0.000934891
0.2285	0.000934287
0.2286	0.000933683
0.2287	0.00093308
0.2288	0.000932477
0.2289	0.000931874
0.229	0.000931277
0.2291	0.000930683
0.2292	0.000930088
0.2293	0.000929494
0.2294	0.0009289
0.2295	0.000928307
0.2296	0.000927714
0.2297	0.000927121
0.2298	0.000926528
0.2299	0.000925935
0.23	0.000925343
0.2301	0.000924751
0.2302	0.00092416
0.2303	0.000923568
0.2304	0.000922977
0.2305	0.000922386
0.2306	0.000921796
0.2307	0.000921205
0.2308	0.000920615
0.2309	0.000920025
0.231	0.000919436
0.2311	0.000918846
0.2312	0.000918257
0.2313	0.000917669
0.2314	0.00091708
0.2315	0.000916492
0.2316	0.000915904
0.2317	0.000915316
0.2318	0.000914729
0.2319	0.000914142
0.232	0.000913555
0.2321	0.000912968
0.2322	0.000912382
0.2323	0.000911796
0.2324	0.00091121
0.2325	0.000910624
0.2326	0.000910039
0.2327	0.000909454
0.2328	0.000908869
0.2329	0.000908284
0.233	0.0009077
0.2331	0.000907116
0.2332	0.000906532
0.2333	0.000905949
0.2334	0.000905366
0.2335	0.000904783
0.2336	0.0009042
0.2337	0.000903618
0.2338	0.000903036
0.2339	0.000902454
0.234	0.000901872
0.2341	0.000901291
0.2342	0.00090071
0.2343	0.000900129
0.2344	0.000899548
0.2345	0.000898968
0.2346	0.000898388
0.2347	0.000897808
0.2348	0.000897229
0.2349	0.00089665
0.235	0.000896071
0.2351	0.000895492
0.2352	0.000894914
0.2353	0.000894335
0.2354	0.000893758
0.2355	0.00089318
0.2356	0.000892603
0.2357	0.000892026
0.2358	0.000891449
0.2359	0.000890872
0.236	0.000890296
0.2361	0.00088972
0.2362	0.000889144
0.2363	0.000888569
0.2364	0.000887993
0.2365	0.000887419
0.2366	0.000886844
0.2367	0.000886269
0.2368	0.000885695
0.2369	0.000885121
0.237	0.000884548
0.2371	0.000883982
0.2372	0.000883415
0.2373	0.000882849
0.2374	0.000882283
0.2375	0.000881718
0.2376	0.000881152
0.2377	0.000880587
0.2378	0.000880022
0.2379	0.000879458
0.238	0.000878894
0.2381	0.00087833
0.2382	0.000877766
0.2383	0.000877202
0.2384	0.000876639
0.2385	0.000876076
0.2386	0.000875513
0.2387	0.00087495
0.2388	0.000874388
0.2389	0.000873826
0.239	0.000873264
0.2391	0.000872703
0.2392	0.000872142
0.2393	0.000871581
0.2394	0.00087102
0.2395	0.000870459
0.2396	0.000869899
0.2397	0.000869339
0.2398	0.000868779
0.2399	0.00086822
0.24	0.000867661
0.2401	0.000867102
0.2402	0.000866543
0.2403	0.000865985
0.2404	0.000865426
0.2405	0.000864868
0.2406	0.000864311
0.2407	0.000863753
0.2408	0.000863196
0.2409	0.000862639
0.241	0.000862083
0.2411	0.000861526
0.2412	0.00086097
0.2413	0.000860414
0.2414	0.000859858
0.2415	0.000859303
0.2416	0.000858748
0.2417	0.000858193
0.2418	0.000857639
0.2419	0.000857084
0.242	0.00085653
0.2421	0.000855976
0.2422	0.000855423
0.2423	0.000854869
0.2424	0.000854316
0.2425	0.000853763
0.2426	0.000853211
0.2427	0.000852659
0.2428	0.000852107
0.2429	0.000851555
0.243	0.000851003
0.2431	0.000850452
0.2432	0.000849901
0.2433	0.00084935
0.2434	0.0008488
0.2435	0.000848249
0.2436	0.000847699
0.2437	0.00084715
0.2438	0.0008466
0.2439	0.000846051
0.244	0.000845502
0.2441	0.000844953
0.2442	0.000844405
0.2443	0.000843857
0.2444	0.000843309
0.2445	0.000842761
0.2446	0.000842214
0.2447	0.000841667
0.2448	0.00084112
0.2449	0.000840573
0.245	0.000840027
0.2451	0.00083948
0.2452	0.000838935
0.2453	0.000838389
0.2454	0.000837844
0.2455	0.000837299
0.2456	0.000836754
0.2457	0.000836209
0.2458	0.00083567
0.2459	0.000835132
0.246	0.000834594
0.2461	0.000834057
0.2462	0.000833519
0.2463	0.000832982
0.2464	0.000832445
0.2465	0.000831908
0.2466	0.000831372
0.2467	0.000830836
0.2468	0.0008303
0.2469	0.000829764
0.247	0.000829229
0.2471	0.000828693
0.2472	0.000828158
0.2473	0.000827624
0.2474	0.000827089
0.2475	0.000826555
0.2476	0.000826021
0.2477	0.000825487
0.2478	0.000824954
0.2479	0.00082442
0.248	0.000823887
0.2481	0.000823355
0.2482	0.000822822
0.2483	0.00082229
0.2484	0.000821758
0.2485	0.000821226
0.2486	0.000820695
0.2487	0.000820163
0.2488	0.000819632
0.2489	0.000819102
0.249	0.000818571
0.2491	0.000818041
0.2492	0.000817511
0.2493	0.000816981
0.2494	0.000816451
0.2495	0.000815922
0.2496	0.000815393
0.2497	0.000814864
0.2498	0.000814336
0.2499	0.000813807
0.25	0.000813279
0.2501	0.000812752
0.2502	0.000812224
0.2503	0.000811697
0.2504	0.00081117
0.2505	0.000810643
0.2506	0.000810116
0.2507	0.00080959
0.2508	0.000809064
0.2509	0.000808538
0.251	0.000808013
0.2511	0.000807487
0.2512	0.000806962
0.2513	0.000806437
0.2514	0.000805913
0.2515	0.000805388
0.2516	0.000804864
0.2517	0.00080434
0.2518	0.000803817
0.2519	0.000803294
0.252	0.00080277
0.2521	0.000802248
0.2522	0.000801725
0.2523	0.000801203
0.2524	0.000800681
0.2525	0.000800159
0.2526	0.000799637
0.2527	0.000799116
0.2528	0.000798595
0.2529	0.000798074
0.253	0.000797553
0.2531	0.000797033
0.2532	0.000796513
0.2533	0.000795993
0.2534	0.000795473
0.2535	0.000794954
0.2536	0.000794435
0.2537	0.000793916
0.2538	0.000793397
0.2539	0.000792879
0.254	0.000792361
0.2541	0.000791843
0.2542	0.000791325
0.2543	0.000790808
0.2544	0.000790291
0.2545	0.000789774
0.2546	0.000789257
0.2547	0.000788741
0.2548	0.000788225
0.2549	0.000787709
0.255	0.000787193
0.2551	0.000786678
0.2552	0.000786164
0.2553	0.000785654
0.2554	0.000785144
0.2555	0.000784635
0.2556	0.000784126
0.2557	0.000783617
0.2558	0.000783109
0.2559	0.0007826
0.256	0.000782092
0.2561	0.000781584
0.2562	0.000781077
0.2563	0.000780569
0.2564	0.000780062
0.2565	0.000779555
0.2566	0.000779049
0.2567	0.000778542
0.2568	0.000778036
0.2569	0.00077753
0.257	0.000777024
0.2571	0.000776519
0.2572	0.000776014
0.2573	0.000775509
0.2574	0.000775004
0.2575	0.000774499
0.2576	0.000773995
0.2577	0.000773491
0.2578	0.000772987
0.2579	0.000772484
0.258	0.00077198
0.2581	0.000771477
0.2582	0.000770974
0.2583	0.000770472
0.2584	0.000769969
0.2585	0.000769467
0.2586	0.000768965
0.2587	0.000768464
0.2588	0.000767962
0.2589	0.000767461
0.259	0.00076696
0.2591	0.00076646
0.2592	0.000765959
0.2593	0.000765459
0.2594	0.000764959
0.2595	0.000764459
0.2596	0.00076396
0.2597	0.000763461
0.2598	0.000762962
0.2599	0.000762463
0.26	0.000761964
0.2601	0.000761466
0.2602	0.000760968
0.2603	0.00076047
0.2604	0.000759973
0.2605	0.000759475
0.2606	0.000758978
0.2607	0.000758481
0.2608	0.000757985
0.2609	0.000757488
0.261	0.000756992
0.2611	0.000756496
0.2612	0.000756001
0.2613	0.000755505
0.2614	0.00075501
0.2615	0.000754515
0.2616	0.000754021
0.2617	0.000753526
0.2618	0.000753032
0.2619	0.000752538
0.262	0.000752044
0.2621	0.000751551
0.2622	0.000751058
0.2623	0.000750565
0.2624	0.000750072
0.2625	0.000749579
0.2626	0.000749087
0.2627	0.000748595
0.2628	0.000748103
0.2629	0.000747612
0.263	0.00074712
0.2631	0.000746629
0.2632	0.000746138
0.2633	0.000745648
0.2634	0.000745157
0.2635	0.000744667
0.2636	0.000744177
0.2637	0.000743688
0.2638	0.000743198
0.2639	0.000742709
0.264	0.00074222
0.2641	0.000741732
0.2642	0.000741243
0.2643	0.000740755
0.2644	0.000740267
0.2645	0.000739779
0.2646	0.000739292
0.2647	0.000738805
0.2648	0.000738318
0.2649	0.000737831
0.265	0.000737344
0.2651	0.000736858
0.2652	0.000736372
0.2653	0.000735886
0.2654	0.000735401
0.2655	0.000734915
0.2656	0.000734431
0.2657	0.000733951
0.2658	0.000733471
0.2659	0.000732991
0.266	0.000732511
0.2661	0.000732032
0.2662	0.000731552
0.2663	0.000731073
0.2664	0.000730594
0.2665	0.000730116
0.2666	0.000729637
0.2667	0.000729159
0.2668	0.000728681
0.2669	0.000728204
0.267	0.000727726
0.2671	0.000727249
0.2672	0.000726772
0.2673	0.000726295
0.2674	0.000725819
0.2675	0.000725342
0.2676	0.000724866
0.2677	0.000724391
0.2678	0.000723915
0.2679	0.00072344
0.268	0.000722964
0.2681	0.00072249
0.2682	0.000722015
0.2683	0.000721541
0.2684	0.000721066
0.2685	0.000720592
0.2686	0.000720119
0.2687	0.000719645
0.2688	0.000719172
0.2689	0.000718699
0.269	0.000718226
0.2691	0.000717753
0.2692	0.000717281
0.2693	0.000716809
0.2694	0.000716337
0.2695	0.000715865
0.2696	0.000715394
0.2697	0.000714923
0.2698	0.000714452
0.2699	0.000713981
0.27	0.000713511
0.2701	0.00071304
0.2702	0.00071257
0.2703	0.000712101
0.2704	0.000711631
0.2705	0.000711162
0.2706	0.000710693
0.2707	0.000710224
0.2708	0.000709755
0.2709	0.000709287
0.271	0.000708819
0.2711	0.000708351
0.2712	0.000707883
0.2713	0.000707416
0.2714	0.000706948
0.2715	0.000706481
0.2716	0.000706015
0.2717	0.000705548
0.2718	0.000705082
0.2719	0.000704616
0.272	0.00070415
0.2721	0.000703684
0.2722	0.000703219
0.2723	0.000702754
0.2724	0.000702289
0.2725	0.000701824
0.2726	0.00070136
0.2727	0.000700895
0.2728	0.000700431
0.2729	0.000699968
0.273	0.000699504
0.2731	0.000699041
0.2732	0.000698578
0.2733	0.000698115
0.2734	0.000697652
0.2735	0.00069719
0.2736	0.000696728
0.2737	0.000696266
0.2738	0.000695804
0.2739	0.000695343
0.274	0.000694882
0.2741	0.000694421
0.2742	0.00069396
0.2743	0.000693499
0.2744	0.000693039
0.2745	0.000692579
0.2746	0.000692119
0.2747	0.00069166
0.2748	0.0006912
0.2749	0.000690741
0.275	0.000690282
0.2751	0.000689824
0.2752	0.000689365
0.2753	0.000688907
0.2754	0.000688449
0.2755	0.000687991
0.2756	0.000687534
0.2757	0.000687077
0.2758	0.00068662
0.2759	0.000686163
0.276	0.000685706
0.2761	0.00068525
0.2762	0.000684794
0.2763	0.000684338
0.2764	0.000683882
0.2765	0.000683427
0.2766	0.000682972
0.2767	0.000682517
0.2768	0.000682062
0.2769	0.000681608
0.277	0.000681153
0.2771	0.000680701
0.2772	0.000680251
0.2773	0.000679801
0.2774	0.000679351
0.2775	0.000678902
0.2776	0.000678453
0.2777	0.000678004
0.2778	0.000677555
0.2779	0.000677106
0.278	0.000676658
0.2781	0.00067621
0.2782	0.000675762
0.2783	0.000675315
0.2784	0.000674867
0.2785	0.00067442
0.2786	0.000673973
0.2787	0.000673526
0.2788	0.00067308
0.2789	0.000672634
0.279	0.000672188
0.2791	0.000671742
0.2792	0.000671296
0.2793	0.000670851
0.2794	0.000670406
0.2795	0.000669961
0.2796	0.000669516
0.2797	0.000669071
0.2798	0.000668627
0.2799	0.000668183
0.28	0.000667739
0.2801	0.000667296
0.2802	0.000666852
0.2803	0.000666409
0.2804	0.000665966
0.2805	0.000665524
0.2806	0.000665081
0.2807	0.000664639
0.2808	0.000664197
0.2809	0.000663755
0.281	0.000663314
0.2811	0.000662872
0.2812	0.000662431
0.2813	0.00066199
0.2814	0.00066155
0.2815	0.000661109
0.2816	0.000660669
0.2817	0.000660229
0.2818	0.000659789
0.2819	0.00065935
0.282	0.00065891
0.2821	0.000658471
0.2822	0.000658032
0.2823	0.000657594
0.2824	0.000657155
0.2825	0.000656717
0.2826	0.000656279
0.2827	0.000655841
0.2828	0.000655404
0.2829	0.000654966
0.283	0.000654529
0.2831	0.000654092
0.2832	0.000653656
0.2833	0.000653219
0.2834	0.000652783
0.2835	0.000652347
0.2836	0.000651911
0.2837	0.000651476
0.2838	0.000651041
0.2839	0.000650606
0.284	0.000650171
0.2841	0.000649736
0.2842	0.000649302
0.2843	0.000648867
0.2844	0.000648434
0.2845	0.000648
0.2846	0.000647566
0.2847	0.000647133
0.2848	0.0006467
0.2849	0.000646267
0.285	0.000645834
0.2851	0.000645402
0.2852	0.00064497
0.2853	0.000644538
0.2854	0.000644106
0.2855	0.000643675
0.2856	0.000643244
0.2857	0.000642812
0.2858	0.000642382
0.2859	0.000641951
0.286	0.000641521
0.2861	0.000641091
0.2862	0.000640661
0.2863	0.000640231
0.2864	0.000639801
0.2865	0.000639372
0.2866	0.000638943
0.2867	0.000638514
0.2868	0.000638086
0.2869	0.000637657
0.287	0.000637229
0.2871	0.000636801
0.2872	0.000636374
0.2873	0.000635946
0.2874	0.000635519
0.2875	0.000635092
0.2876	0.000634665
0.2877	0.000634238
0.2878	0.000633812
0.2879	0.000633386
0.288	0.00063296
0.2881	0.000632534
0.2882	0.000632109
0.2883	0.000631684
0.2884	0.000631259
0.2885	0.000630834
0.2886	0.000630409
0.2887	0.000629985
0.2888	0.000629561
0.2889	0.000629137
0.289	0.000628713
0.2891	0.00062829
0.2892	0.000627866
0.2893	0.000627443
0.2894	0.000627021
0.2895	0.000626598
0.2896	0.000626176
0.2897	0.000625754
0.2898	0.000625332
0.2899	0.00062491
0.29	0.000624492
0.2901	0.000624074
0.2902	0.000623656
0.2903	0.000623238
0.2904	0.000622821
0.2905	0.000622403
0.2906	0.000621986
0.2907	0.000621569
0.2908	0.000621153
0.2909	0.000620736
0.291	0.00062032
0.2911	0.000619904
0.2912	0.000619488
0.2913	0.000619073
0.2914	0.000618657
0.2915	0.000618242
0.2916	0.000617827
0.2917	0.000617412
0.2918	0.000616998
0.2919	0.000616584
0.292	0.000616169
0.2921	0.000615756
0.2922	0.000615342
0.2923	0.000614929
0.2924	0.000614515
0.2925	0.000614102
0.2926	0.00061369
0.2927	0.000613277
0.2928	0.000612865
0.2929	0.000612452
0.293	0.000612041
0.2931	0.000611629
0.2932	0.000611217
0.2933	0.000610806
0.2934	0.000610395
0.2935	0.000609984
0.2936	0.000609574
0.2937	0.000609163
0.2938	0.000608753
0.2939	0.000608343
0.294	0.000607933
0.2941	0.000607524
0.2942	0.000607114
0.2943	0.000606705
0.2944	0.000606296
0.2945	0.000605888
0.2946	0.000605479
0.2947	0.000605071
0.2948	0.000604663
0.2949	0.000604255
0.295	0.000603847
0.2951	0.00060344
0.2952	0.000603033
0.2953	0.000602626
0.2954	0.000602219
0.2955	0.000601813
0.2956	0.000601406
0.2957	0.000601
0.2958	0.000600594
0.2959	0.000600189
0.296	0.000599783
0.2961	0.000599378
0.2962	0.000598973
0.2963	0.000598568
0.2964	0.000598164
0.2965	0.000597759
0.2966	0.000597355
0.2967	0.000596951
0.2968	0.000596547
0.2969	0.000596144
0.297	0.000595741
0.2971	0.000595337
0.2972	0.000594935
0.2973	0.000594532
0.2974	0.000594129
0.2975	0.000593727
0.2976	0.000593325
0.2977	0.000592923
0.2978	0.000592522
0.2979	0.00059212
0.298	0.000591719
0.2981	0.000591318
0.2982	0.000590918
0.2983	0.000590517
0.2984	0.000590117
0.2985	0.000589717
0.2986	0.000589317
0.2987	0.000588917
0.2988	0.000588518
0.2989	0.000588118
0.299	0.000587719
0.2991	0.000587321
0.2992	0.000586922
0.2993	0.000586524
0.2994	0.000586126
0.2995	0.000585728
0.2996	0.00058533
0.2997	0.000584932
0.2998	0.000584535
0.2999	0.000584138
0.3	0.000583741
0.3001	0.000583344
0.3002	0.000582948
0.3003	0.000582552
0.3004	0.000582156
0.3005	0.00058176
0.3006	0.000581364
0.3007	0.000580969
0.3008	0.000580574
0.3009	0.000580179
0.301	0.000579784
0.3011	0.00057939
0.3012	0.000578995
0.3013	0.000578601
0.3014	0.000578207
0.3015	0.000577814
0.3016	0.00057742
0.3017	0.000577027
0.3018	0.000576634
0.3019	0.000576241
0.302	0.000575848
0.3021	0.000575456
0.3022	0.000575064
0.3023	0.000574672
0.3024	0.00057428
0.3025	0.000573888
0.3026	0.000573497
0.3027	0.000573106
0.3028	0.000572715
0.3029	0.000572324
0.303	0.000571934
0.3031	0.000571544
0.3032	0.000571154
0.3033	0.000570764
0.3034	0.000570374
0.3035	0.000569985
0.3036	0.000569596
0.3037	0.000569207
0.3038	0.000568818
0.3039	0.000568429
0.304	0.000568041
0.3041	0.000567653
0.3042	0.000567265
0.3043	0.000566877
0.3044	0.000566491
0.3045	0.000566106
0.3046	0.000565721
0.3047	0.000565337
0.3048	0.000564953
0.3049	0.000564569
0.305	0.000564185
0.3051	0.000563801
0.3052	0.000563418
0.3053	0.000563035
0.3054	0.000562652
0.3055	0.000562269
0.3056	0.000561887
0.3057	0.000561504
0.3058	0.000561122
0.3059	0.00056074
0.306	0.000560359
0.3061	0.000559977
0.3062	0.000559596
0.3063	0.000559215
0.3064	0.000558834
0.3065	0.000558453
0.3066	0.000558073
0.3067	0.000557692
0.3068	0.000557312
0.3069	0.000556932
0.307	0.000556553
0.3071	0.000556173
0.3072	0.000555794
0.3073	0.000555415
0.3074	0.000555036
0.3075	0.000554658
0.3076	0.000554279
0.3077	0.000553901
0.3078	0.000553523
0.3079	0.000553145
0.308	0.000552768
0.3081	0.00055239
0.3082	0.000552013
0.3083	0.000551636
0.3084	0.000551259
0.3085	0.000550883
0.3086	0.000550506
0.3087	0.00055013
0.3088	0.000549754
0.3089	0.000549379
0.309	0.000549003
0.3091	0.000548628
0.3092	0.000548253
0.3093	0.000547878
0.3094	0.000547503
0.3095	0.000547129
0.3096	0.000546754
0.3097	0.00054638
0.3098	0.000546006
0.3099	0.000545633
0.31	0.000545259
0.3101	0.000544886
0.3102	0.000544513
0.3103	0.00054414
0.3104	0.000543767
0.3105	0.000543395
0.3106	0.000543023
0.3107	0.000542651
0.3108	0.000542279
0.3109	0.000541907
0.311	0.000541536
0.3111	0.000541164
0.3112	0.000540793
0.3113	0.000540423
0.3114	0.000540052
0.3115	0.000539682
0.3116	0.000539311
0.3117	0.000538941
0.3118	0.000538572
0.3119	0.000538202
0.312	0.000537833
0.3121	0.000537464
0.3122	0.000537095
0.3123	0.000536726
0.3124	0.000536357
0.3125	0.000535989
0.3126	0.000535621
0.3127	0.000535253
0.3128	0.000534885
0.3129	0.000534517
0.313	0.00053415
0.3131	0.000533783
0.3132	0.000533416
0.3133	0.000533049
0.3134	0.000532683
0.3135	0.000532317
0.3136	0.00053195
0.3137	0.000531584
0.3138	0.000531219
0.3139	0.000530853
0.314	0.000530488
0.3141	0.000530123
0.3142	0.000529758
0.3143	0.000529393
0.3144	0.000529029
0.3145	0.000528665
0.3146	0.0005283
0.3147	0.000527937
0.3148	0.000527573
0.3149	0.000527209
0.315	0.000526846
0.3151	0.000526483
0.3152	0.00052612
0.3153	0.000525758
0.3154	0.000525395
0.3155	0.000525033
0.3156	0.000524671
0.3157	0.000524309
0.3158	0.000523947
0.3159	0.000523586
0.316	0.000523225
0.3161	0.000522864
0.3162	0.000522503
0.3163	0.000522142
0.3164	0.000521782
0.3165	0.000521421
0.3166	0.000521061
0.3167	0.000520702
0.3168	0.000520342
0.3169	0.000519983
0.317	0.000519623
0.3171	0.000519264
0.3172	0.000518906
0.3173	0.000518547
0.3174	0.000518188
0.3175	0.00051783
0.3176	0.000517472
0.3177	0.000517114
0.3178	0.000516757
0.3179	0.000516399
0.318	0.000516042
0.3181	0.000515685
0.3182	0.000515328
0.3183	0.000514972
0.3184	0.000514615
0.3185	0.000514259
0.3186	0.000513903
0.3187	0.000513548
0.3188	0.000513192
0.3189	0.000512837
0.319	0.000512481
0.3191	0.000512126
0.3192	0.000511772
0.3193	0.000511417
0.3194	0.000511063
0.3195	0.000510708
0.3196	0.000510354
0.3197	0.000510001
0.3198	0.000509647
0.3199	0.000509294
0.32	0.000508941
0.3201	0.000508588
0.3202	0.000508235
0.3203	0.000507882
0.3204	0.00050753
0.3205	0.000507178
0.3206	0.000506826
0.3207	0.000506474
0.3208	0.000506122
0.3209	0.000505772
0.321	0.000505423
0.3211	0.000505074
0.3212	0.000504725
0.3213	0.000504376
0.3214	0.000504028
0.3215	0.00050368
0.3216	0.000503331
0.3217	0.000502984
0.3218	0.000502636
0.3219	0.000502289
0.322	0.000501941
0.3221	0.000501594
0.3222	0.000501247
0.3223	0.000500901
0.3224	0.000500554
0.3225	0.000500208
0.3226	0.000499862
0.3227	0.000499516
0.3228	0.00049917
0.3229	0.000498825
0.323	0.000498479
0.3231	0.000498134
0.3232	0.000497789
0.3233	0.000497445
0.3234	0.0004971
0.3235	0.000496756
0.3236	0.000496412
0.3237	0.000496068
0.3238	0.000495724
0.3239	0.000495381
0.324	0.000495037
0.3241	0.000494694
0.3242	0.000494351
0.3243	0.000494008
0.3244	0.000493666
0.3245	0.000493323
0.3246	0.000492981
0.3247	0.000492639
0.3248	0.000492297
0.3249	0.000491956
0.325	0.000491614
0.3251	0.000491273
0.3252	0.000490932
0.3253	0.000490591
0.3254	0.000490251
0.3255	0.00048991
0.3256	0.00048957
0.3257	0.00048923
0.3258	0.00048889
0.3259	0.00048855
0.326	0.000488211
0.3261	0.000487872
0.3262	0.000487533
0.3263	0.000487194
0.3264	0.000486855
0.3265	0.000486517
0.3266	0.000486178
0.3267	0.00048584
0.3268	0.000485502
0.3269	0.000485165
0.327	0.000484827
0.3271	0.00048449
0.3272	0.000484153
0.3273	0.000483816
0.3274	0.000483479
0.3275	0.000483142
0.3276	0.000482806
0.3277	0.00048247
0.3278	0.000482134
0.3279	0.000481798
0.328	0.000481462
0.3281	0.000481127
0.3282	0.000480792
0.3283	0.000480457
0.3284	0.000480122
0.3285	0.000479787
0.3286	0.000479453
0.3287	0.000479119
0.3288	0.000478784
0.3289	0.000478451
0.329	0.000478117
0.3291	0.000477783
0.3292	0.00047745
0.3293	0.000477117
0.3294	0.000476784
0.3295	0.000476451
0.3296	0.000476119
0.3297	0.000475787
0.3298	0.000475454
0.3299	0.000475122
0.33	0.000474791
0.3301	0.000474459
0.3302	0.000474128
0.3303	0.000473797
0.3304	0.000473466
0.3305	0.000473135
0.3306	0.000472804
0.3307	0.000472474
0.3308	0.000472144
0.3309	0.000471814
0.331	0.000471484
0.3311	0.000471154
0.3312	0.000470825
0.3313	0.000470495
0.3314	0.000470166
0.3315	0.000469837
0.3316	0.000469509
0.3317	0.00046918
0.3318	0.000468852
0.3319	0.000468524
0.332	0.000468196
0.3321	0.000467868
0.3322	0.00046754
0.3323	0.000467213
0.3324	0.000466886
0.3325	0.000466559
0.3326	0.000466232
0.3327	0.000465906
0.3328	0.000465579
0.3329	0.000465253
0.333	0.000464927
0.3331	0.000464601
0.3332	0.000464275
0.3333	0.00046395
0.3334	0.000463625
0.3335	0.0004633
0.3336	0.000462975
0.3337	0.00046265
0.3338	0.000462325
0.3339	0.000462001
0.334	0.000461677
0.3341	0.000461353
0.3342	0.000461029
0.3343	0.000460706
0.3344	0.000460382
0.3345	0.000460059
0.3346	0.000459736
0.3347	0.000459413
0.3348	0.000459091
0.3349	0.000458768
0.335	0.000458446
0.3351	0.000458124
0.3352	0.000457802
0.3353	0.00045748
0.3354	0.000457159
0.3355	0.000456838
0.3356	0.000456517
0.3357	0.000456196
0.3358	0.000455875
0.3359	0.000455554
0.336	0.000455234
0.3361	0.000454914
0.3362	0.000454594
0.3363	0.000454274
0.3364	0.000453954
0.3365	0.000453635
0.3366	0.000453316
0.3367	0.000452997
0.3368	0.000452678
0.3369	0.000452359
0.337	0.000452041
0.3371	0.000451722
0.3372	0.000451404
0.3373	0.000451086
0.3374	0.000450769
0.3375	0.000450451
0.3376	0.000450134
0.3377	0.000449817
0.3378	0.0004495
0.3379	0.000449183
0.338	0.000448866
0.3381	0.00044855
0.3382	0.000448234
0.3383	0.000447918
0.3384	0.000447602
0.3385	0.000447286
0.3386	0.000446971
0.3387	0.000446655
0.3388	0.00044634
0.3389	0.000446025
0.339	0.00044571
0.3391	0.000445396
0.3392	0.000445082
0.3393	0.000444767
0.3394	0.000444453
0.3395	0.00044414
0.3396	0.000443826
0.3397	0.000443512
0.3398	0.000443199
0.3399	0.000442886
0.34	0.000442574
0.3401	0.000442263
0.3402	0.000441952
0.3403	0.000441641
0.3404	0.00044133
0.3405	0.00044102
0.3406	0.00044071
0.3407	0.0004404
0.3408	0.00044009
0.3409	0.00043978
0.341	0.00043947
0.3411	0.000439161
0.3412	0.000438852
0.3413	0.000438543
0.3414	0.000438234
0.3415	0.000437925
0.3416	0.000437617
0.3417	0.000437309
0.3418	0.000437001
0.3419	0.000436693
0.342	0.000436385
0.3421	0.000436077
0.3422	0.00043577
0.3423	0.000435463
0.3424	0.000435156
0.3425	0.000434849
0.3426	0.000434542
0.3427	0.000434236
0.3428	0.00043393
0.3429	0.000433624
0.343	0.000433318
0.3431	0.000433012
0.3432	0.000432706
0.3433	0.000432401
0.3434	0.000432096
0.3435	0.000431791
0.3436	0.000431486
0.3437	0.000431181
0.3438	0.000430877
0.3439	0.000430573
0.344	0.000430268
0.3441	0.000429965
0.3442	0.000429661
0.3443	0.000429357
0.3444	0.000429054
0.3445	0.000428751
0.3446	0.000428448
0.3447	0.000428145
0.3448	0.000427842
0.3449	0.00042754
0.345	0.000427237
0.3451	0.000426935
0.3452	0.000426633
0.3453	0.000426331
0.3454	0.00042603
0.3455	0.000425728
0.3456	0.000425427
0.3457	0.000425126
0.3458	0.000424825
0.3459	0.000424525
0.346	0.000424224
0.3461	0.000423924
0.3462	0.000423624
0.3463	0.000423324
0.3464	0.000423024
0.3465	0.000422724
0.3466	0.000422425
0.3467	0.000422126
0.3468	0.000421826
0.3469	0.000421528
0.347	0.000421229
0.3471	0.00042093
0.3472	0.000420632
0.3473	0.000420334
0.3474	0.000420036
0.3475	0.000419738
0.3476	0.00041944
0.3477	0.000419143
0.3478	0.000418846
0.3479	0.000418548
0.348	0.000418252
0.3481	0.000417955
0.3482	0.000417658
0.3483	0.000417362
0.3484	0.000417066
0.3485	0.00041677
0.3486	0.000416474
0.3487	0.000416178
0.3488	0.000415882
0.3489	0.000415587
0.349	0.000415292
0.3491	0.000414997
0.3492	0.000414702
0.3493	0.000414408
0.3494	0.000414113
0.3495	0.000413819
0.3496	0.000413525
0.3497	0.000413231
0.3498	0.000412937
0.3499	0.000412644
0.35	0.00041235
0.3501	0.000412057
0.3502	0.000411764
0.3503	0.000411471
0.3504	0.000411178
0.3505	0.000410886
0.3506	0.000410594
0.3507	0.000410301
0.3508	0.000410009
0.3509	0.000409718
0.351	0.000409426
0.3511	0.000409135
0.3512	0.000408843
0.3513	0.000408552
0.3514	0.000408261
0.3515	0.000407971
0.3516	0.00040768
0.3517	0.00040739
0.3518	0.000407099
0.3519	0.000406809
0.352	0.000406519
0.3521	0.00040623
0.3522	0.00040594
0.3523	0.000405651
0.3524	0.000405362
0.3525	0.000405073
0.3526	0.000404784
0.3527	0.000404495
0.3528	0.000404207
0.3529	0.000403919
0.353	0.000403631
0.3531	0.000403343
0.3532	0.000403055
0.3533	0.000402767
0.3534	0.00040248
0.3535	0.000402193
0.3536	0.000401906
0.3537	0.000401619
0.3538	0.000401332
0.3539	0.000401045
0.354	0.000400759
0.3541	0.000400473
0.3542	0.000400187
0.3543	0.000399901
0.3544	0.000399615
0.3545	0.00039933
0.3546	0.000399045
0.3547	0.000398759
0.3548	0.000398474
0.3549	0.00039819
0.355	0.000397905
0.3551	0.000397621
0.3552	0.000397336
0.3553	0.000397052
0.3554	0.000396768
0.3555	0.000396485
0.3556	0.000396201
0.3557	0.000395918
0.3558	0.000395634
0.3559	0.000395351
0.356	0.000395068
0.3561	0.000394786
0.3562	0.000394503
0.3563	0.000394221
0.3564	0.000393939
0.3565	0.000393656
0.3566	0.000393375
0.3567	0.000393093
0.3568	0.000392811
0.3569	0.00039253
0.357	0.000392249
0.3571	0.000391968
0.3572	0.000391687
0.3573	0.000391407
0.3574	0.000391126
0.3575	0.000390846
0.3576	0.000390566
0.3577	0.000390286
0.3578	0.000390006
0.3579	0.000389726
0.358	0.000389447
0.3581	0.000389168
0.3582	0.000388888
0.3583	0.00038861
0.3584	0.000388331
0.3585	0.000388052
0.3586	0.000387774
0.3587	0.000387496
0.3588	0.000387217
0.3589	0.00038694
0.359	0.000386662
0.3591	0.000386384
0.3592	0.000386107
0.3593	0.00038583
0.3594	0.000385553
0.3595	0.000385276
0.3596	0.000384999
0.3597	0.000384723
0.3598	0.000384446
0.3599	0.00038417
0.36	0.000383894
0.3601	0.000383618
0.3602	0.000383342
0.3603	0.000383067
0.3604	0.000382792
0.3605	0.000382516
0.3606	0.000382241
0.3607	0.000381967
0.3608	0.000381692
0.3609	0.000381417
0.361	0.000381143
0.3611	0.000380869
0.3612	0.000380595
0.3613	0.000380321
0.3614	0.000380048
0.3615	0.000379774
0.3616	0.000379501
0.3617	0.000379228
0.3618	0.000378955
0.3619	0.000378682
0.362	0.000378409
0.3621	0.000378137
0.3622	0.000377864
0.3623	0.000377592
0.3624	0.000377321
0.3625	0.00037705
0.3626	0.00037678
0.3627	0.000376509
0.3628	0.000376239
0.3629	0.000375969
0.363	0.000375699
0.3631	0.000375429
0.3632	0.00037516
0.3633	0.000374891
0.3634	0.000374621
0.3635	0.000374352
0.3636	0.000374084
0.3637	0.000373815
0.3638	0.000373546
0.3639	0.000373278
0.364	0.00037301
0.3641	0.000372742
0.3642	0.000372474
0.3643	0.000372206
0.3644	0.000371939
0.3645	0.000371671
0.3646	0.000371404
0.3647	0.000371137
0.3648	0.00037087
0.3649	0.000370604
0.365	0.000370337
0.3651	0.000370071
0.3652	0.000369804
0.3653	0.000369538
0.3654	0.000369272
0.3655	0.000369007
0.3656	0.000368741
0.3657	0.000368476
0.3658	0.000368211
0.3659	0.000367946
0.366	0.000367681
0.3661	0.000367416
0.3662	0.000367151
0.3663	0.000366887
0.3664	0.000366623
0.3665	0.000366359
0.3666	0.000366095
0.3667	0.000365831
0.3668	0.000365567
0.3669	0.000365304
0.367	0.000365041
0.3671	0.000364778
0.3672	0.000364515
0.3673	0.000364252
0.3674	0.000363989
0.3675	0.000363727
0.3676	0.000363465
0.3677	0.000363202
0.3678	0.000362941
0.3679	0.000362679
0.368	0.000362417
0.3681	0.000362156
0.3682	0.000361894
0.3683	0.000361633
0.3684	0.000361372
0.3685	0.000361111
0.3686	0.000360851
0.3687	0.00036059
0.3688	0.00036033
0.3689	0.00036007
0.369	0.00035981
0.3691	0.00035955
0.3692	0.00035929
0.3693	0.000359031
0.3694	0.000358771
0.3695	0.000358512
0.3696	0.000358253
0.3697	0.000357994
0.3698	0.000357736
0.3699	0.000357477
0.37	0.000357219
0.3701	0.000356961
0.3702	0.000356702
0.3703	0.000356445
0.3704	0.000356187
0.3705	0.000355929
0.3706	0.000355672
0.3707	0.000355415
0.3708	0.000355158
0.3709	0.000354901
0.371	0.000354644
0.3711	0.000354387
0.3712	0.000354131
0.3713	0.000353875
0.3714	0.000353618
0.3715	0.000353362
0.3716	0.000353107
0.3717	0.000352851
0.3718	0.000352595
0.3719	0.00035234
0.372	0.000352085
0.3721	0.00035183
0.3722	0.000351575
0.3723	0.00035132
0.3724	0.000351066
0.3725	0.000350812
0.3726	0.000350557
0.3727	0.000350303
0.3728	0.000350049
0.3729	0.000349796
0.373	0.000349542
0.3731	0.000349289
0.3732	0.000349036
0.3733	0.000348782
0.3734	0.00034853
0.3735	0.000348277
0.3736	0.000348024
0.3737	0.000347772
0.3738	0.000347519
0.3739	0.000347267
0.374	0.000347015
0.3741	0.000346764
0.3742	0.000346512
0.3743	0.00034626
0.3744	0.000346009
0.3745	0.000345758
0.3746	0.000345507
0.3747	0.000345256
0.3748	0.000345005
0.3749	0.000344755
0.375	0.000344504
0.3751	0.000344254
0.3752	0.000344004
0.3753	0.000343754
0.3754	0.000343504
0.3755	0.000343255
0.3756	0.000343005
0.3757	0.000342756
0.3758	0.000342507
0.3759	0.000342258
0.376	0.000342009
0.3761	0.000341761
0.3762	0.000341512
0.3763	0.000341264
0.3764	0.000341016
0.3765	0.000340768
0.3766	0.00034052
0.3767	0.000340272
0.3768	0.000340024
0.3769	0.000339777
0.377	0.00033953
0.3771	0.000339283
0.3772	0.000339036
0.3773	0.000338789
0.3774	0.000338542
0.3775	0.000338296
0.3776	0.00033805
0.3777	0.000337804
0.3778	0.000337558
0.3779	0.000337312
0.378	0.000337066
0.3781	0.000336821
0.3782	0.000336575
0.3783	0.00033633
0.3784	0.000336085
0.3785	0.00033584
0.3786	0.000335595
0.3787	0.000335351
0.3788	0.000335106
0.3789	0.000334862
0.379	0.000334618
0.3791	0.000334374
0.3792	0.00033413
0.3793	0.000333887
0.3794	0.000333643
0.3795	0.0003334
0.3796	0.000333157
0.3797	0.000332913
0.3798	0.000332671
0.3799	0.000332428
0.38	0.000332185
0.3801	0.000331943
0.3802	0.000331701
0.3803	0.000331459
0.3804	0.000331217
0.3805	0.000330975
0.3806	0.000330733
0.3807	0.000330492
0.3808	0.00033025
0.3809	0.000330009
0.381	0.000329768
0.3811	0.000329527
0.3812	0.000329287
0.3813	0.000329046
0.3814	0.000328806
0.3815	0.000328565
0.3816	0.000328325
0.3817	0.000328085
0.3818	0.000327846
0.3819	0.000327606
0.382	0.000327367
0.3821	0.000327127
0.3822	0.000326888
0.3823	0.000326649
0.3824	0.00032641
0.3825	0.000326171
0.3826	0.000325933
0.3827	0.000325694
0.3828	0.000325456
0.3829	0.000325218
0.383	0.00032498
0.3831	0.000324742
0.3832	0.000324505
0.3833	0.000324267
0.3834	0.00032403
0.3835	0.000323793
0.3836	0.000323556
0.3837	0.000323319
0.3838	0.000323082
0.3839	0.000322845
0.384	0.000322609
0.3841	0.000322373
0.3842	0.000322137
0.3843	0.000321901
0.3844	0.000321665
0.3845	0.000321429
0.3846	0.000321194
0.3847	0.000320958
0.3848	0.000320723
0.3849	0.000320488
0.385	0.000320253
0.3851	0.000320018
0.3852	0.000319784
0.3853	0.000319549
0.3854	0.000319315
0.3855	0.000319081
0.3856	0.000318847
0.3857	0.000318613
0.3858	0.000318379
0.3859	0.000318146
0.386	0.000317912
0.3861	0.000317679
0.3862	0.000317446
0.3863	0.000317213
0.3864	0.00031698
0.3865	0.000316748
0.3866	0.000316515
0.3867	0.000316283
0.3868	0.000316051
0.3869	0.000315819
0.387	0.000315587
0.3871	0.000315355
0.3872	0.000315123
0.3873	0.000314892
0.3874	0.000314661
0.3875	0.000314429
0.3876	0.000314198
0.3877	0.000313968
0.3878	0.000313737
0.3879	0.000313506
0.388	0.000313276
0.3881	0.000313046
0.3882	0.000312816
0.3883	0.000312586
0.3884	0.000312356
0.3885	0.000312126
0.3886	0.000311897
0.3887	0.000311667
0.3888	0.000311438
0.3889	0.000311209
0.389	0.00031098
0.3891	0.000310751
0.3892	0.000310523
0.3893	0.000310295
0.3894	0.000310068
0.3895	0.00030984
0.3896	0.000309613
0.3897	0.000309386
0.3898	0.000309159
0.3899	0.000308932
0.39	0.000308705
0.3901	0.000308479
0.3902	0.000308252
0.3903	0.000308026
0.3904	0.0003078
0.3905	0.000307574
0.3906	0.000307348
0.3907	0.000307123
0.3908	0.000306897
0.3909	0.000306672
0.391	0.000306447
0.3911	0.000306222
0.3912	0.000305997
0.3913	0.000305772
0.3914	0.000305547
0.3915	0.000305323
0.3916	0.000305098
0.3917	0.000304874
0.3918	0.00030465
0.3919	0.000304426
0.392	0.000304202
0.3921	0.000303979
0.3922	0.000303755
0.3923	0.000303532
0.3924	0.000303309
0.3925	0.000303086
0.3926	0.000302863
0.3927	0.00030264
0.3928	0.000302418
0.3929	0.000302195
0.393	0.000301973
0.3931	0.000301751
0.3932	0.000301529
0.3933	0.000301307
0.3934	0.000301085
0.3935	0.000300863
0.3936	0.000300642
0.3937	0.000300421
0.3938	0.000300199
0.3939	0.000299978
0.394	0.000299758
0.3941	0.000299537
0.3942	0.000299316
0.3943	0.000299096
0.3944	0.000298876
0.3945	0.000298655
0.3946	0.000298435
0.3947	0.000298215
0.3948	0.000297996
0.3949	0.000297776
0.395	0.000297557
0.3951	0.000297337
0.3952	0.000297118
0.3953	0.000296899
0.3954	0.00029668
0.3955	0.000296462
0.3956	0.000296243
0.3957	0.000296025
0.3958	0.000295806
0.3959	0.000295588
0.396	0.00029537
0.3961	0.000295152
0.3962	0.000294935
0.3963	0.000294717
0.3964	0.000294499
0.3965	0.000294282
0.3966	0.000294065
0.3967	0.000293848
0.3968	0.000293631
0.3969	0.000293414
0.397	0.000293198
0.3971	0.000292981
0.3972	0.000292765
0.3973	0.000292549
0.3974	0.000292333
0.3975	0.000292117
0.3976	0.000291901
0.3977	0.000291686
0.3978	0.00029147
0.3979	0.000291255
0.398	0.00029104
0.3981	0.000290825
0.3982	0.00029061
0.3983	0.000290395
0.3984	0.00029018
0.3985	0.000289966
0.3986	0.000289751
0.3987	0.000289537
0.3988	0.000289323
0.3989	0.000289109
0.399	0.000288895
0.3991	0.000288682
0.3992	0.000288468
0.3993	0.000288255
0.3994	0.000288042
0.3995	0.000287829
0.3996	0.000287616
0.3997	0.000287403
0.3998	0.00028719
0.3999	0.000286978
0.4	0.000286765
0.4001	0.000286553
0.4002	0.000286341
0.4003	0.000286129
0.4004	0.000285917
0.4005	0.000285706
0.4006	0.000285494
0.4007	0.000285283
0.4008	0.000285071
0.4009	0.00028486
0.401	0.000284649
0.4011	0.000284438
0.4012	0.000284228
0.4013	0.000284017
0.4014	0.000283807
0.4015	0.000283596
0.4016	0.000283386
0.4017	0.000283176
0.4018	0.000282966
0.4019	0.000282756
0.402	0.000282547
0.4021	0.000282337
0.4022	0.000282128
0.4023	0.000281919
0.4024	0.00028171
0.4025	0.000281501
0.4026	0.000281292
0.4027	0.000281083
0.4028	0.000280875
0.4029	0.000280667
0.403	0.000280458
0.4031	0.00028025
0.4032	0.000280042
0.4033	0.000279835
0.4034	0.000279627
0.4035	0.000279419
0.4036	0.000279212
0.4037	0.000279005
0.4038	0.000278798
0.4039	0.000278591
0.404	0.000278384
0.4041	0.000278177
0.4042	0.00027797
0.4043	0.000277764
0.4044	0.000277558
0.4045	0.000277351
0.4046	0.000277145
0.4047	0.00027694
0.4048	0.000276734
0.4049	0.000276528
0.405	0.000276323
0.4051	0.000276117
0.4052	0.000275912
0.4053	0.000275707
0.4054	0.000275502
0.4055	0.000275297
0.4056	0.000275093
0.4057	0.000274888
0.4058	0.000274684
0.4059	0.000274479
0.406	0.000274275
0.4061	0.000274071
0.4062	0.000273867
0.4063	0.000273664
0.4064	0.00027346
0.4065	0.000273257
0.4066	0.000273053
0.4067	0.00027285
0.4068	0.000272647
0.4069	0.000272444
0.407	0.000272241
0.4071	0.000272039
0.4072	0.000271836
0.4073	0.000271634
0.4074	0.000271431
0.4075	0.000271229
0.4076	0.000271027
0.4077	0.000270826
0.4078	0.000270624
0.4079	0.000270422
0.408	0.000270221
0.4081	0.00027002
0.4082	0.000269818
0.4083	0.000269617
0.4084	0.000269416
0.4085	0.000269216
0.4086	0.000269015
0.4087	0.000268814
0.4088	0.000268614
0.4089	0.000268414
0.409	0.000268214
0.4091	0.000268014
0.4092	0.000267814
0.4093	0.000267614
0.4094	0.000267415
0.4095	0.000267215
0.4096	0.000267016
0.4097	0.000266817
0.4098	0.000266618
0.4099	0.000266419
0.41	0.00026622
0.4101	0.000266021
0.4102	0.000265823
0.4103	0.000265625
0.4104	0.000265426
0.4105	0.000265228
0.4106	0.00026503
0.4107	0.000264832
0.4108	0.000264635
0.4109	0.000264437
0.411	0.00026424
0.4111	0.000264042
0.4112	0.000263845
0.4113	0.000263648
0.4114	0.000263451
0.4115	0.000263254
0.4116	0.000263058
0.4117	0.000262861
0.4118	0.000262665
0.4119	0.000262469
0.412	0.000262272
0.4121	0.000262076
0.4122	0.000261881
0.4123	0.000261685
0.4124	0.000261489
0.4125	0.000261294
0.4126	0.000261098
0.4127	0.000260903
0.4128	0.000260708
0.4129	0.000260513
0.413	0.000260318
0.4131	0.000260124
0.4132	0.000259929
0.4133	0.000259735
0.4134	0.00025954
0.4135	0.000259346
0.4136	0.000259152
0.4137	0.000258958
0.4138	0.000258764
0.4139	0.000258571
0.414	0.000258377
0.4141	0.000258184
0.4142	0.000257991
0.4143	0.000257797
0.4144	0.000257604
0.4145	0.000257412
0.4146	0.000257219
0.4147	0.000257026
0.4148	0.000256834
0.4149	0.000256641
0.415	0.000256449
0.4151	0.000256257
0.4152	0.000256065
0.4153	0.000255873
0.4154	0.000255682
0.4155	0.00025549
0.4156	0.000255299
0.4157	0.000255107
0.4158	0.000254916
0.4159	0.000254725
0.416	0.000254534
0.4161	0.000254343
0.4162	0.000254153
0.4163	0.000253962
0.4164	0.000253772
0.4165	0.000253581
0.4166	0.000253391
0.4167	0.000253201
0.4168	0.000253011
0.4169	0.000252821
0.417	0.000252632
0.4171	0.000252442
0.4172	0.000252253
0.4173	0.000252064
0.4174	0.000251874
0.4175	0.000251685
0.4176	0.000251497
0.4177	0.000251308
0.4178	0.000251119
0.4179	0.000250931
0.418	0.000250742
0.4181	0.000250554
0.4182	0.000250366
0.4183	0.000250178
0.4184	0.00024999
0.4185	0.000249802
0.4186	0.000249615
0.4187	0.000249427
0.4188	0.00024924
0.4189	0.000249053
0.419	0.000248866
0.4191	0.000248679
0.4192	0.000248492
0.4193	0.000248305
0.4194	0.000248118
0.4195	0.000247932
0.4196	0.000247746
0.4197	0.000247559
0.4198	0.000247373
0.4199	0.000247187
0.42	0.000247001
0.4201	0.000246816
0.4202	0.00024663
0.4203	0.000246445
0.4204	0.000246259
0.4205	0.000246074
0.4206	0.000245889
0.4207	0.000245704
0.4208	0.000245519
0.4209	0.000245335
0.421	0.00024515
0.4211	0.000244965
0.4212	0.000244781
0.4213	0.000244597
0.4214	0.000244413
0.4215	0.000244229
0.4216	0.000244045
0.4217	0.000243861
0.4218	0.000243678
0.4219	0.000243494
0.422	0.000243311
0.4221	0.000243129
0.4222	0.000242946
0.4223	0.000242763
0.4224	0.000242581
0.4225	0.000242399
0.4226	0.000242217
0.4227	0.000242035
0.4228	0.000241853
0.4229	0.000241671
0.423	0.00024149
0.4231	0.000241308
0.4232	0.000241127
0.4233	0.000240946
0.4234	0.000240764
0.4235	0.000240583
0.4236	0.000240403
0.4237	0.000240222
0.4238	0.000240041
0.4239	0.000239861
0.424	0.00023968
0.4241	0.0002395
0.4242	0.00023932
0.4243	0.00023914
0.4244	0.00023896
0.4245	0.00023878
0.4246	0.000238601
0.4247	0.000238421
0.4248	0.000238242
0.4249	0.000238062
0.425	0.000237883
0.4251	0.000237704
0.4252	0.000237525
0.4253	0.000237347
0.4254	0.000237168
0.4255	0.000236989
0.4256	0.000236811
0.4257	0.000236633
0.4258	0.000236454
0.4259	0.000236276
0.426	0.000236098
0.4261	0.000235921
0.4262	0.000235743
0.4263	0.000235565
0.4264	0.000235388
0.4265	0.00023521
0.4266	0.000235033
0.4267	0.000234856
0.4268	0.000234679
0.4269	0.000234502
0.427	0.000234326
0.4271	0.000234149
0.4272	0.000233972
0.4273	0.000233796
0.4274	0.00023362
0.4275	0.000233444
0.4276	0.000233268
0.4277	0.000233092
0.4278	0.000232916
0.4279	0.00023274
0.428	0.000232565
0.4281	0.000232389
0.4282	0.000232214
0.4283	0.000232039
0.4284	0.000231864
0.4285	0.000231689
0.4286	0.000231514
0.4287	0.000231339
0.4288	0.000231165
0.4289	0.00023099
0.429	0.000230816
0.4291	0.000230642
0.4292	0.000230468
0.4293	0.000230294
0.4294	0.00023012
0.4295	0.000229946
0.4296	0.000229772
0.4297	0.000229599
0.4298	0.000229425
0.4299	0.000229252
0.43	0.000229079
0.4301	0.000228906
0.4302	0.000228733
0.4303	0.00022856
0.4304	0.000228387
0.4305	0.000228215
0.4306	0.000228042
0.4307	0.00022787
0.4308	0.000227698
0.4309	0.000227526
0.431	0.000227354
0.4311	0.000227182
0.4312	0.00022701
0.4313	0.000226839
0.4314	0.000226667
0.4315	0.000226496
0.4316	0.000226324
0.4317	0.000226153
0.4318	0.000225982
0.4319	0.000225811
0.432	0.00022564
0.4321	0.00022547
0.4322	0.000225299
0.4323	0.000225129
0.4324	0.000224958
0.4325	0.000224788
0.4326	0.000224618
0.4327	0.000224448
0.4328	0.000224278
0.4329	0.000224108
0.433	0.000223939
0.4331	0.000223769
0.4332	0.0002236
0.4333	0.000223431
0.4334	0.000223261
0.4335	0.000223092
0.4336	0.000222923
0.4337	0.000222755
0.4338	0.000222586
0.4339	0.000222417
0.434	0.000222249
0.4341	0.00022208
0.4342	0.000221912
0.4343	0.000221744
0.4344	0.000221576
0.4345	0.000221408
0.4346	0.00022124
0.4347	0.000221073
0.4348	0.000220905
0.4349	0.000220738
0.435	0.00022057
0.4351	0.000220403
0.4352	0.000220236
0.4353	0.000220069
0.4354	0.000219902
0.4355	0.000219736
0.4356	0.000219569
0.4357	0.000219402
0.4358	0.000219236
0.4359	0.00021907
0.436	0.000218904
0.4361	0.000218737
0.4362	0.000218572
0.4363	0.000218406
0.4364	0.00021824
0.4365	0.000218074
0.4366	0.000217909
0.4367	0.000217744
0.4368	0.000217578
0.4369	0.000217413
0.437	0.000217248
0.4371	0.000217083
0.4372	0.000216918
0.4373	0.000216754
0.4374	0.000216589
0.4375	0.000216425
0.4376	0.00021626
0.4377	0.000216096
0.4378	0.000215932
0.4379	0.000215768
0.438	0.000215604
0.4381	0.00021544
0.4382	0.000215277
0.4383	0.000215113
0.4384	0.00021495
0.4385	0.000214786
0.4386	0.000214623
0.4387	0.00021446
0.4388	0.000214297
0.4389	0.000214134
0.439	0.000213971
0.4391	0.000213809
0.4392	0.000213646
0.4393	0.000213484
0.4394	0.000213321
0.4395	0.000213159
0.4396	0.000212997
0.4397	0.000212835
0.4398	0.000212673
0.4399	0.000212511
0.44	0.00021235
0.4401	0.000212188
0.4402	0.000212027
0.4403	0.000211865
0.4404	0.000211704
0.4405	0.000211543
0.4406	0.000211382
0.4407	0.000211221
0.4408	0.000211061
0.4409	0.0002109
0.441	0.000210739
0.4411	0.000210579
0.4412	0.000210419
0.4413	0.000210259
0.4414	0.000210098
0.4415	0.000209938
0.4416	0.000209779
0.4417	0.000209619
0.4418	0.000209459
0.4419	0.0002093
0.442	0.00020914
0.4421	0.000208981
0.4422	0.000208822
0.4423	0.000208663
0.4424	0.000208504
0.4425	0.000208345
0.4426	0.000208186
0.4427	0.000208027
0.4428	0.000207869
0.4429	0.00020771
0.443	0.000207552
0.4431	0.000207394
0.4432	0.000207236
0.4433	0.000207078
0.4434	0.00020692
0.4435	0.000206762
0.4436	0.000206605
0.4437	0.000206447
0.4438	0.00020629
0.4439	0.000206132
0.444	0.000205975
0.4441	0.000205818
0.4442	0.000205661
0.4443	0.000205504
0.4444	0.000205347
0.4445	0.000205191
0.4446	0.000205034
0.4447	0.000204878
0.4448	0.000204721
0.4449	0.000204565
0.445	0.000204409
0.4451	0.000204253
0.4452	0.000204097
0.4453	0.000203941
0.4454	0.000203785
0.4455	0.00020363
0.4456	0.000203474
0.4457	0.000203319
0.4458	0.000203164
0.4459	0.000203009
0.446	0.000202854
0.4461	0.000202699
0.4462	0.000202544
0.4463	0.000202389
0.4464	0.000202235
0.4465	0.00020208
0.4466	0.000201926
0.4467	0.000201771
0.4468	0.000201617
0.4469	0.000201463
0.447	0.000201309
0.4471	0.000201155
0.4472	0.000201002
0.4473	0.000200848
0.4474	0.000200694
0.4475	0.000200541
0.4476	0.000200388
0.4477	0.000200234
0.4478	0.000200081
0.4479	0.000199928
0.448	0.000199775
0.4481	0.000199623
0.4482	0.00019947
0.4483	0.000199317
0.4484	0.000199165
0.4485	0.000199013
0.4486	0.00019886
0.4487	0.000198708
0.4488	0.000198556
0.4489	0.000198404
0.449	0.000198252
0.4491	0.000198101
0.4492	0.000197949
0.4493	0.000197798
0.4494	0.000197646
0.4495	0.000197495
0.4496	0.000197344
0.4497	0.000197193
0.4498	0.000197042
0.4499	0.000196891
0.45	0.00019674
0.4501	0.000196589
0.4502	0.000196439
0.4503	0.000196288
0.4504	0.000196138
0.4505	0.000195988
0.4506	0.000195838
0.4507	0.000195688
0.4508	0.000195538
0.4509	0.000195388
0.451	0.000195238
0.4511	0.000195089
0.4512	0.000194939
0.4513	0.00019479
0.4514	0.00019464
0.4515	0.000194491
0.4516	0.000194342
0.4517	0.000194193
0.4518	0.000194044
0.4519	0.000193896
0.452	0.000193747
0.4521	0.000193598
0.4522	0.00019345
0.4523	0.000193302
0.4524	0.000193153
0.4525	0.000193005
0.4526	0.000192857
0.4527	0.000192709
0.4528	0.000192561
0.4529	0.000192414
0.453	0.000192266
0.4531	0.000192118
0.4532	0.000191971
0.4533	0.000191824
0.4534	0.000191677
0.4535	0.000191529
0.4536	0.000191382
0.4537	0.000191236
0.4538	0.000191089
0.4539	0.000190942
0.454	0.000190796
0.4541	0.000190649
0.4542	0.000190503
0.4543	0.000190356
0.4544	0.00019021
0.4545	0.000190064
0.4546	0.000189918
0.4547	0.000189772
0.4548	0.000189627
0.4549	0.000189481
0.455	0.000189335
0.4551	0.00018919
0.4552	0.000189045
0.4553	0.000188899
0.4554	0.000188754
0.4555	0.000188609
0.4556	0.000188464
0.4557	0.000188319
0.4558	0.000188175
0.4559	0.00018803
0.456	0.000187885
0.4561	0.000187741
0.4562	0.000187597
0.4563	0.000187452
0.4564	0.000187308
0.4565	0.000187164
0.4566	0.00018702
0.4567	0.000186877
0.4568	0.000186733
0.4569	0.000186589
0.457	0.000186446
0.4571	0.000186302
0.4572	0.000186159
0.4573	0.000186016
0.4574	0.000185873
0.4575	0.00018573
0.4576	0.000185587
0.4577	0.000185444
0.4578	0.000185301
0.4579	0.000185159
0.458	0.000185016
0.4581	0.000184874
0.4582	0.000184731
0.4583	0.000184589
0.4584	0.000184447
0.4585	0.000184305
0.4586	0.000184163
0.4587	0.000184021
0.4588	0.00018388
0.4589	0.000183738
0.459	0.000183597
0.4591	0.000183455
0.4592	0.000183314
0.4593	0.000183173
0.4594	0.000183032
0.4595	0.000182891
0.4596	0.00018275
0.4597	0.000182609
0.4598	0.000182468
0.4599	0.000182328
0.46	0.000182187
0.4601	0.000182047
0.4602	0.000181907
0.4603	0.000181766
0.4604	0.000181626
0.4605	0.000181486
0.4606	0.000181346
0.4607	0.000181207
0.4608	0.000181067
0.4609	0.000180927
0.461	0.000180788
0.4611	0.000180648
0.4612	0.000180509
0.4613	0.00018037
0.4614	0.000180231
0.4615	0.000180092
0.4616	0.000179953
0.4617	0.000179814
0.4618	0.000179675
0.4619	0.000179537
0.462	0.000179398
0.4621	0.00017926
0.4622	0.000179121
0.4623	0.000178983
0.4624	0.000178845
0.4625	0.000178707
0.4626	0.000178569
0.4627	0.000178431
0.4628	0.000178294
0.4629	0.000178156
0.463	0.000178018
0.4631	0.000177881
0.4632	0.000177744
0.4633	0.000177607
0.4634	0.00017747
0.4635	0.000177334
0.4636	0.000177197
0.4637	0.00017706
0.4638	0.000176924
0.4639	0.000176787
0.464	0.000176651
0.4641	0.000176515
0.4642	0.000176379
0.4643	0.000176243
0.4644	0.000176107
0.4645	0.000175971
0.4646	0.000175836
0.4647	0.0001757
0.4648	0.000175565
0.4649	0.000175429
0.465	0.000175294
0.4651	0.000175159
0.4652	0.000175024
0.4653	0.000174888
0.4654	0.000174754
0.4655	0.000174619
0.4656	0.000174484
0.4657	0.000174349
0.4658	0.000174215
0.4659	0.00017408
0.466	0.000173946
0.4661	0.000173812
0.4662	0.000173678
0.4663	0.000173544
0.4664	0.00017341
0.4665	0.000173276
0.4666	0.000173142
0.4667	0.000173008
0.4668	0.000172875
0.4669	0.000172741
0.467	0.000172608
0.4671	0.000172475
0.4672	0.000172341
0.4673	0.000172208
0.4674	0.000172075
0.4675	0.000171942
0.4676	0.000171809
0.4677	0.000171677
0.4678	0.000171544
0.4679	0.000171412
0.468	0.000171279
0.4681	0.000171147
0.4682	0.000171014
0.4683	0.000170882
0.4684	0.00017075
0.4685	0.000170618
0.4686	0.000170486
0.4687	0.000170355
0.4688	0.000170223
0.4689	0.000170091
0.469	0.00016996
0.4691	0.000169828
0.4692	0.000169697
0.4693	0.000169566
0.4694	0.000169435
0.4695	0.000169304
0.4696	0.000169173
0.4697	0.000169042
0.4698	0.000168911
0.4699	0.00016878
0.47	0.00016865
0.4701	0.000168519
0.4702	0.000168389
0.4703	0.000168259
0.4704	0.000168129
0.4705	0.000167998
0.4706	0.000167868
0.4707	0.000167738
0.4708	0.000167609
0.4709	0.000167479
0.471	0.000167349
0.4711	0.00016722
0.4712	0.00016709
0.4713	0.000166961
0.4714	0.000166832
0.4715	0.000166702
0.4716	0.000166573
0.4717	0.000166444
0.4718	0.000166315
0.4719	0.000166187
0.472	0.000166058
0.4721	0.000165929
0.4722	0.000165801
0.4723	0.000165672
0.4724	0.000165544
0.4725	0.000165416
0.4726	0.000165288
0.4727	0.000165159
0.4728	0.000165032
0.4729	0.000164904
0.473	0.000164776
0.4731	0.000164648
0.4732	0.00016452
0.4733	0.000164393
0.4734	0.000164266
0.4735	0.000164138
0.4736	0.000164011
0.4737	0.000163884
0.4738	0.000163757
0.4739	0.00016363
0.474	0.000163503
0.4741	0.000163376
0.4742	0.000163249
0.4743	0.000163123
0.4744	0.000162996
0.4745	0.00016287
0.4746	0.000162743
0.4747	0.000162617
0.4748	0.000162491
0.4749	0.000162365
0.475	0.000162239
0.4751	0.000162113
0.4752	0.000161987
0.4753	0.000161862
0.4754	0.000161736
0.4755	0.00016161
0.4756	0.000161485
0.4757	0.00016136
0.4758	0.000161234
0.4759	0.000161109
0.476	0.000160984
0.4761	0.000160859
0.4762	0.000160734
0.4763	0.000160609
0.4764	0.000160485
0.4765	0.00016036
0.4766	0.000160236
0.4767	0.000160111
0.4768	0.000159987
0.4769	0.000159862
0.477	0.000159738
0.4771	0.000159614
0.4772	0.00015949
0.4773	0.000159366
0.4774	0.000159242
0.4775	0.000159119
0.4776	0.000158995
0.4777	0.000158872
0.4778	0.000158748
0.4779	0.000158625
0.478	0.000158501
0.4781	0.000158378
0.4782	0.000158255
0.4783	0.000158132
0.4784	0.000158009
0.4785	0.000157886
0.4786	0.000157764
0.4787	0.000157641
0.4788	0.000157518
0.4789	0.000157396
0.479	0.000157273
0.4791	0.000157151
0.4792	0.000157029
0.4793	0.000156907
0.4794	0.000156785
0.4795	0.000156663
0.4796	0.000156541
0.4797	0.000156419
0.4798	0.000156297
0.4799	0.000156176
0.48	0.000156054
0.4801	0.000155933
0.4802	0.000155811
0.4803	0.00015569
0.4804	0.000155569
0.4805	0.000155448
0.4806	0.000155327
0.4807	0.000155206
0.4808	0.000155085
0.4809	0.000154964
0.481	0.000154844
0.4811	0.000154723
0.4812	0.000154603
0.4813	0.000154482
0.4814	0.000154362
0.4815	0.000154242
0.4816	0.000154122
0.4817	0.000154002
0.4818	0.000153882
0.4819	0.000153762
0.482	0.000153642
0.4821	0.000153522
0.4822	0.000153403
0.4823	0.000153283
0.4824	0.000153164
0.4825	0.000153044
0.4826	0.000152925
0.4827	0.000152806
0.4828	0.000152687
0.4829	0.000152568
0.483	0.000152449
0.4831	0.00015233
0.4832	0.000152211
0.4833	0.000152093
0.4834	0.000151974
0.4835	0.000151856
0.4836	0.000151737
0.4837	0.000151619
0.4838	0.000151501
0.4839	0.000151382
0.484	0.000151264
0.4841	0.000151146
0.4842	0.000151029
0.4843	0.000150911
0.4844	0.000150793
0.4845	0.000150675
0.4846	0.000150558
0.4847	0.00015044
0.4848	0.000150323
0.4849	0.000150206
0.485	0.000150088
0.4851	0.000149971
0.4852	0.000149854
0.4853	0.000149737
0.4854	0.00014962
0.4855	0.000149504
0.4856	0.000149387
0.4857	0.00014927
0.4858	0.000149154
0.4859	0.000149037
0.486	0.000148921
0.4861	0.000148805
0.4862	0.000148689
0.4863	0.000148572
0.4864	0.000148456
0.4865	0.00014834
0.4866	0.000148225
0.4867	0.000148109
0.4868	0.000147993
0.4869	0.000147878
0.487	0.000147762
0.4871	0.000147647
0.4872	0.000147531
0.4873	0.000147416
0.4874	0.000147301
0.4875	0.000147186
0.4876	0.000147071
0.4877	0.000146956
0.4878	0.000146841
0.4879	0.000146726
0.488	0.000146611
0.4881	0.000146497
0.4882	0.000146382
0.4883	0.000146268
0.4884	0.000146154
0.4885	0.000146039
0.4886	0.000145925
0.4887	0.000145811
0.4888	0.000145697
0.4889	0.000145583
0.489	0.000145469
0.4891	0.000145355
0.4892	0.000145242
0.4893	0.000145128
0.4894	0.000145015
0.4895	0.000144901
0.4896	0.000144788
0.4897	0.000144675
0.4898	0.000144561
0.4899	0.000144448
0.49	0.000144335
0.4901	0.000144222
0.4902	0.000144109
0.4903	0.000143997
0.4904	0.000143884
0.4905	0.000143771
0.4906	0.000143659
0.4907	0.000143546
0.4908	0.000143434
0.4909	0.000143322
0.491	0.000143209
0.4911	0.000143097
0.4912	0.000142985
0.4913	0.000142873
0.4914	0.000142761
0.4915	0.00014265
0.4916	0.000142538
0.4917	0.000142426
0.4918	0.000142315
0.4919	0.000142203
0.492	0.000142092
0.4921	0.000141981
0.4922	0.000141869
0.4923	0.000141758
0.4924	0.000141647
0.4925	0.000141536
0.4926	0.000141425
0.4927	0.000141314
0.4928	0.000141204
0.4929	0.000141093
0.493	0.000140982
0.4931	0.000140872
0.4932	0.000140762
0.4933	0.000140651
0.4934	0.000140541
0.4935	0.000140431
0.4936	0.000140321
0.4937	0.000140211
0.4938	0.000140101
0.4939	0.000139991
0.494	0.000139881
0.4941	0.000139771
0.4942	0.000139662
0.4943	0.000139552
0.4944	0.000139443
0.4945	0.000139333
0.4946	0.000139224
0.4947	0.000139115
0.4948	0.000139006
0.4949	0.000138897
0.495	0.000138788
0.4951	0.000138679
0.4952	0.00013857
0.4953	0.000138461
0.4954	0.000138353
0.4955	0.000138244
0.4956	0.000138136
0.4957	0.000138027
0.4958	0.000137919
0.4959	0.000137811
0.496	0.000137702
0.4961	0.000137594
0.4962	0.000137486
0.4963	0.000137378
0.4964	0.00013727
0.4965	0.000137163
0.4966	0.000137055
0.4967	0.000136947
0.4968	0.00013684
0.4969	0.000136732
0.497	0.000136625
0.4971	0.000136518
0.4972	0.00013641
0.4973	0.000136303
0.4974	0.000136196
0.4975	0.000136089
0.4976	0.000135982
0.4977	0.000135875
0.4978	0.000135769
0.4979	0.000135662
0.498	0.000135555
0.4981	0.000135449
0.4982	0.000135342
0.4983	0.000135236
0.4984	0.00013513
0.4985	0.000135023
0.4986	0.000134917
0.4987	0.000134811
0.4988	0.000134705
0.4989	0.000134599
0.499	0.000134494
0.4991	0.000134388
0.4992	0.000134282
0.4993	0.000134177
0.4994	0.000134071
0.4995	0.000133966
0.4996	0.00013386
0.4997	0.000133755
0.4998	0.00013365
0.4999	0.000133545
0.5	0.00013344
